# numero de partículas   :  864
# densidad               : 0.6000
# temperatura inicial    : 2.0000
# volumen                : 0.144E+04
# rcut                   : 2.5000
# paso temporal          : 0.0050
# pasos de equilibración :  10000
# pasos de medición      :  50000
# t, Ekin, Epot, Etot, Temp, Pres, Vol, L, rho
   0.495000E+00    0.233795E+04   -0.327901E+04   -0.941051E+03    0.180398E+01    0.149873E+01    0.143932E+04    0.112907E+02    0.600283E+00
   0.995000E+00    0.246964E+04   -0.325018E+04   -0.780540E+03    0.190559E+01    0.172111E+01    0.144015E+04    0.112928E+02    0.599938E+00
   0.149500E+01    0.254167E+04   -0.325417E+04   -0.712498E+03    0.196117E+01    0.178101E+01    0.144113E+04    0.112954E+02    0.599529E+00
   0.199500E+01    0.257833E+04   -0.326412E+04   -0.685782E+03    0.198946E+01    0.181193E+01    0.144214E+04    0.112980E+02    0.599108E+00
   0.249500E+01    0.255661E+04   -0.322427E+04   -0.667652E+03    0.197270E+01    0.181109E+01    0.144319E+04    0.113008E+02    0.598675E+00
   0.299500E+01    0.258859E+04   -0.323980E+04   -0.651206E+03    0.199737E+01    0.163435E+01    0.144426E+04    0.113035E+02    0.598232E+00
   0.349500E+01    0.260160E+04   -0.325495E+04   -0.653358E+03    0.200740E+01    0.161160E+01    0.144507E+04    0.113057E+02    0.597894E+00
   0.399500E+01    0.256888E+04   -0.320518E+04   -0.636301E+03    0.198216E+01    0.184475E+01    0.144616E+04    0.113085E+02    0.597443E+00
   0.449500E+01    0.257087E+04   -0.320820E+04   -0.637330E+03    0.198370E+01    0.169227E+01    0.144717E+04    0.113111E+02    0.597026E+00
   0.499500E+01    0.255754E+04   -0.319807E+04   -0.640525E+03    0.197341E+01    0.182530E+01    0.144817E+04    0.113138E+02    0.596613E+00
   0.549500E+01    0.250752E+04   -0.315428E+04   -0.646759E+03    0.193482E+01    0.192181E+01    0.144914E+04    0.113163E+02    0.596217E+00
   0.599500E+01    0.263193E+04   -0.327159E+04   -0.639664E+03    0.203081E+01    0.150863E+01    0.145012E+04    0.113188E+02    0.595812E+00
   0.649500E+01    0.254742E+04   -0.319617E+04   -0.648749E+03    0.196560E+01    0.184994E+01    0.145102E+04    0.113212E+02    0.595445E+00
   0.699500E+01    0.258137E+04   -0.321944E+04   -0.638072E+03    0.199180E+01    0.171666E+01    0.145214E+04    0.113241E+02    0.594985E+00
   0.749500E+01    0.257533E+04   -0.319889E+04   -0.623557E+03    0.198714E+01    0.178849E+01    0.145328E+04    0.113270E+02    0.594519E+00
   0.799500E+01    0.261533E+04   -0.324638E+04   -0.631058E+03    0.201800E+01    0.162156E+01    0.145435E+04    0.113298E+02    0.594080E+00
   0.849500E+01    0.258811E+04   -0.323668E+04   -0.648571E+03    0.199700E+01    0.160121E+01    0.145526E+04    0.113322E+02    0.593709E+00
   0.899500E+01    0.256764E+04   -0.320248E+04   -0.634835E+03    0.198121E+01    0.172708E+01    0.145630E+04    0.113349E+02    0.593286E+00
   0.949500E+01    0.256891E+04   -0.319594E+04   -0.627028E+03    0.198219E+01    0.170417E+01    0.145719E+04    0.113372E+02    0.592920E+00
   0.999500E+01    0.254686E+04   -0.317099E+04   -0.624130E+03    0.196517E+01    0.180953E+01    0.145828E+04    0.113400E+02    0.592479E+00
   0.104950E+02    0.256620E+04   -0.317505E+04   -0.608855E+03    0.198009E+01    0.168950E+01    0.145932E+04    0.113427E+02    0.592055E+00
   0.109950E+02    0.255551E+04   -0.316802E+04   -0.612507E+03    0.197184E+01    0.173434E+01    0.146021E+04    0.113450E+02    0.591697E+00
   0.114950E+02    0.259928E+04   -0.320008E+04   -0.600800E+03    0.200562E+01    0.167884E+01    0.146127E+04    0.113478E+02    0.591265E+00
   0.119950E+02    0.259448E+04   -0.318352E+04   -0.589043E+03    0.200192E+01    0.172518E+01    0.146244E+04    0.113508E+02    0.590792E+00
   0.124950E+02    0.257577E+04   -0.317809E+04   -0.602316E+03    0.198748E+01    0.170841E+01    0.146336E+04    0.113532E+02    0.590422E+00
   0.129950E+02    0.257385E+04   -0.316714E+04   -0.593288E+03    0.198600E+01    0.172094E+01    0.146447E+04    0.113560E+02    0.589975E+00
   0.134950E+02    0.262994E+04   -0.323504E+04   -0.605103E+03    0.202927E+01    0.159045E+01    0.146538E+04    0.113584E+02    0.589609E+00
   0.139950E+02    0.264115E+04   -0.323837E+04   -0.597219E+03    0.203792E+01    0.148806E+01    0.146644E+04    0.113611E+02    0.589181E+00
   0.144950E+02    0.258762E+04   -0.318642E+04   -0.598794E+03    0.199662E+01    0.168391E+01    0.146737E+04    0.113635E+02    0.588810E+00
   0.149950E+02    0.255174E+04   -0.314245E+04   -0.590715E+03    0.196893E+01    0.180966E+01    0.146836E+04    0.113661E+02    0.588411E+00
   0.154950E+02    0.259805E+04   -0.318550E+04   -0.587451E+03    0.200467E+01    0.153570E+01    0.146933E+04    0.113686E+02    0.588024E+00
   0.159950E+02    0.259445E+04   -0.318463E+04   -0.590175E+03    0.200189E+01    0.170355E+01    0.147017E+04    0.113707E+02    0.587688E+00
   0.164950E+02    0.258202E+04   -0.318089E+04   -0.598866E+03    0.199230E+01    0.161557E+01    0.147105E+04    0.113730E+02    0.587335E+00
   0.169950E+02    0.258006E+04   -0.318108E+04   -0.601014E+03    0.199079E+01    0.166413E+01    0.147193E+04    0.113753E+02    0.586983E+00
   0.174950E+02    0.256920E+04   -0.315449E+04   -0.585292E+03    0.198240E+01    0.171732E+01    0.147291E+04    0.113778E+02    0.586593E+00
   0.179950E+02    0.255716E+04   -0.314810E+04   -0.590945E+03    0.197311E+01    0.176644E+01    0.147380E+04    0.113801E+02    0.586239E+00
   0.184950E+02    0.259962E+04   -0.318321E+04   -0.583592E+03    0.200588E+01    0.169476E+01    0.147486E+04    0.113828E+02    0.585820E+00
   0.189950E+02    0.258177E+04   -0.315882E+04   -0.577049E+03    0.199211E+01    0.163422E+01    0.147575E+04    0.113851E+02    0.585466E+00
   0.194950E+02    0.260077E+04   -0.318800E+04   -0.587228E+03    0.200676E+01    0.158240E+01    0.147666E+04    0.113875E+02    0.585103E+00
   0.199950E+02    0.259837E+04   -0.317904E+04   -0.580663E+03    0.200492E+01    0.162868E+01    0.147763E+04    0.113899E+02    0.584721E+00
   0.204950E+02    0.260056E+04   -0.318405E+04   -0.583493E+03    0.200660E+01    0.160110E+01    0.147860E+04    0.113924E+02    0.584338E+00
   0.209950E+02    0.259749E+04   -0.316944E+04   -0.571953E+03    0.200423E+01    0.165816E+01    0.147960E+04    0.113950E+02    0.583941E+00
   0.214950E+02    0.259629E+04   -0.317007E+04   -0.573781E+03    0.200331E+01    0.164234E+01    0.148058E+04    0.113975E+02    0.583555E+00
   0.219950E+02    0.260124E+04   -0.317146E+04   -0.570218E+03    0.200713E+01    0.146437E+01    0.148145E+04    0.113998E+02    0.583213E+00
   0.224950E+02    0.263631E+04   -0.320204E+04   -0.565728E+03    0.203419E+01    0.136692E+01    0.148221E+04    0.114017E+02    0.582915E+00
   0.229950E+02    0.260377E+04   -0.315579E+04   -0.552028E+03    0.200908E+01    0.166754E+01    0.148315E+04    0.114041E+02    0.582544E+00
   0.234950E+02    0.254018E+04   -0.311542E+04   -0.575235E+03    0.196002E+01    0.164855E+01    0.148385E+04    0.114059E+02    0.582270E+00
   0.239950E+02    0.260457E+04   -0.317853E+04   -0.573960E+03    0.200970E+01    0.156329E+01    0.148470E+04    0.114081E+02    0.581937E+00
   0.244950E+02    0.256305E+04   -0.313580E+04   -0.572751E+03    0.197766E+01    0.175057E+01    0.148559E+04    0.114104E+02    0.581586E+00
   0.249950E+02    0.260066E+04   -0.317598E+04   -0.575317E+03    0.200668E+01    0.146364E+01    0.148641E+04    0.114125E+02    0.581267E+00
   0.254950E+02    0.257651E+04   -0.314172E+04   -0.565214E+03    0.198804E+01    0.166191E+01    0.148733E+04    0.114148E+02    0.580905E+00
   0.259950E+02    0.265275E+04   -0.319634E+04   -0.543589E+03    0.204688E+01    0.148370E+01    0.148838E+04    0.114175E+02    0.580497E+00
   0.264950E+02    0.259251E+04   -0.314075E+04   -0.548236E+03    0.200039E+01    0.146070E+01    0.148921E+04    0.114196E+02    0.580173E+00
   0.269950E+02    0.257860E+04   -0.313583E+04   -0.557233E+03    0.198966E+01    0.166668E+01    0.148999E+04    0.114216E+02    0.579871E+00
   0.274950E+02    0.259577E+04   -0.314038E+04   -0.544607E+03    0.200291E+01    0.159542E+01    0.149089E+04    0.114239E+02    0.579520E+00
   0.279950E+02    0.263273E+04   -0.319002E+04   -0.557289E+03    0.203142E+01    0.133722E+01    0.149165E+04    0.114259E+02    0.579223E+00
   0.284950E+02    0.262176E+04   -0.317542E+04   -0.553665E+03    0.202296E+01    0.148550E+01    0.149254E+04    0.114281E+02    0.578879E+00
   0.289950E+02    0.259425E+04   -0.314355E+04   -0.549298E+03    0.200174E+01    0.156323E+01    0.149344E+04    0.114304E+02    0.578531E+00
   0.294950E+02    0.255458E+04   -0.310660E+04   -0.552019E+03    0.197113E+01    0.171113E+01    0.149429E+04    0.114326E+02    0.578201E+00
   0.299950E+02    0.263875E+04   -0.317862E+04   -0.539870E+03    0.203607E+01    0.143852E+01    0.149524E+04    0.114350E+02    0.577833E+00
   0.304950E+02    0.257957E+04   -0.309851E+04   -0.518938E+03    0.199041E+01    0.154994E+01    0.149624E+04    0.114376E+02    0.577448E+00
   0.309950E+02    0.261837E+04   -0.315173E+04   -0.533361E+03    0.202034E+01    0.152806E+01    0.149701E+04    0.114395E+02    0.577152E+00
   0.314950E+02    0.255712E+04   -0.309028E+04   -0.533161E+03    0.197308E+01    0.173533E+01    0.149790E+04    0.114418E+02    0.576808E+00
   0.319950E+02    0.250990E+04   -0.303656E+04   -0.526664E+03    0.193665E+01    0.176558E+01    0.149875E+04    0.114440E+02    0.576480E+00
   0.324950E+02    0.259903E+04   -0.311860E+04   -0.519576E+03    0.200542E+01    0.155185E+01    0.149958E+04    0.114461E+02    0.576161E+00
   0.329950E+02    0.257884E+04   -0.310077E+04   -0.521929E+03    0.198985E+01    0.151259E+01    0.150038E+04    0.114481E+02    0.575855E+00
   0.334950E+02    0.261050E+04   -0.312632E+04   -0.515822E+03    0.201427E+01    0.147863E+01    0.150126E+04    0.114503E+02    0.575518E+00
   0.339950E+02    0.260293E+04   -0.313266E+04   -0.529737E+03    0.200843E+01    0.155420E+01    0.150190E+04    0.114520E+02    0.575272E+00
   0.344950E+02    0.260212E+04   -0.313125E+04   -0.529133E+03    0.200781E+01    0.146095E+01    0.150277E+04    0.114542E+02    0.574939E+00
   0.349950E+02    0.261592E+04   -0.314184E+04   -0.525922E+03    0.201846E+01    0.137115E+01    0.150349E+04    0.114560E+02    0.574661E+00
   0.354950E+02    0.263505E+04   -0.316095E+04   -0.525904E+03    0.203321E+01    0.124878E+01    0.150428E+04    0.114580E+02    0.574360E+00
   0.359950E+02    0.258951E+04   -0.311070E+04   -0.521192E+03    0.199808E+01    0.159368E+01    0.150508E+04    0.114600E+02    0.574056E+00
   0.364950E+02    0.255974E+04   -0.308615E+04   -0.526401E+03    0.197511E+01    0.147608E+01    0.150588E+04    0.114621E+02    0.573749E+00
   0.369950E+02    0.259095E+04   -0.309840E+04   -0.507452E+03    0.199919E+01    0.152856E+01    0.150662E+04    0.114640E+02    0.573468E+00
   0.374950E+02    0.258756E+04   -0.307853E+04   -0.490969E+03    0.199657E+01    0.161219E+01    0.150750E+04    0.114662E+02    0.573134E+00
   0.379950E+02    0.260202E+04   -0.310720E+04   -0.505175E+03    0.200773E+01    0.153216E+01    0.150829E+04    0.114682E+02    0.572833E+00
   0.384950E+02    0.261030E+04   -0.311877E+04   -0.508473E+03    0.201412E+01    0.146683E+01    0.150900E+04    0.114700E+02    0.572563E+00
   0.389950E+02    0.262335E+04   -0.313997E+04   -0.516625E+03    0.202419E+01    0.145007E+01    0.150978E+04    0.114720E+02    0.572268E+00
   0.394950E+02    0.261441E+04   -0.312943E+04   -0.515022E+03    0.201729E+01    0.145698E+01    0.151057E+04    0.114740E+02    0.571971E+00
   0.399950E+02    0.256321E+04   -0.307983E+04   -0.516627E+03    0.197778E+01    0.159369E+01    0.151134E+04    0.114759E+02    0.571676E+00
   0.404950E+02    0.259286E+04   -0.311448E+04   -0.521619E+03    0.200067E+01    0.140014E+01    0.151202E+04    0.114776E+02    0.571420E+00
   0.409950E+02    0.260071E+04   -0.311461E+04   -0.513902E+03    0.200672E+01    0.156615E+01    0.151270E+04    0.114794E+02    0.571164E+00
   0.414950E+02    0.253231E+04   -0.304523E+04   -0.512919E+03    0.195395E+01    0.175606E+01    0.151353E+04    0.114815E+02    0.570849E+00
   0.419950E+02    0.260400E+04   -0.311250E+04   -0.508504E+03    0.200926E+01    0.141507E+01    0.151424E+04    0.114833E+02    0.570582E+00
   0.424950E+02    0.260725E+04   -0.310024E+04   -0.492992E+03    0.201176E+01    0.155913E+01    0.151512E+04    0.114855E+02    0.570250E+00
   0.429950E+02    0.258264E+04   -0.308029E+04   -0.497652E+03    0.199278E+01    0.155110E+01    0.151590E+04    0.114874E+02    0.569958E+00
   0.434950E+02    0.259735E+04   -0.308573E+04   -0.488382E+03    0.200413E+01    0.152848E+01    0.151674E+04    0.114896E+02    0.569641E+00
   0.439950E+02    0.257761E+04   -0.306946E+04   -0.491854E+03    0.198890E+01    0.150329E+01    0.151745E+04    0.114914E+02    0.569375E+00
   0.444950E+02    0.260598E+04   -0.308268E+04   -0.476693E+03    0.201079E+01    0.155639E+01    0.151843E+04    0.114938E+02    0.569010E+00
   0.449950E+02    0.262591E+04   -0.311268E+04   -0.486774E+03    0.202616E+01    0.144121E+01    0.151929E+04    0.114960E+02    0.568686E+00
   0.454950E+02    0.255576E+04   -0.304120E+04   -0.485443E+03    0.197204E+01    0.161641E+01    0.152013E+04    0.114981E+02    0.568373E+00
   0.459950E+02    0.258737E+04   -0.307943E+04   -0.492068E+03    0.199642E+01    0.158177E+01    0.152090E+04    0.115001E+02    0.568083E+00
   0.464950E+02    0.263564E+04   -0.312259E+04   -0.486951E+03    0.203367E+01    0.136978E+01    0.152184E+04    0.115024E+02    0.567734E+00
   0.469950E+02    0.264875E+04   -0.314044E+04   -0.491690E+03    0.204378E+01    0.124720E+01    0.152248E+04    0.115040E+02    0.567495E+00
   0.474950E+02    0.262397E+04   -0.312651E+04   -0.502534E+03    0.202467E+01    0.138582E+01    0.152310E+04    0.115056E+02    0.567264E+00
   0.479950E+02    0.256254E+04   -0.305383E+04   -0.491287E+03    0.197727E+01    0.150229E+01    0.152390E+04    0.115076E+02    0.566968E+00
   0.484950E+02    0.252622E+04   -0.300626E+04   -0.480041E+03    0.194925E+01    0.168876E+01    0.152460E+04    0.115094E+02    0.566707E+00
   0.489950E+02    0.256551E+04   -0.305146E+04   -0.485950E+03    0.197956E+01    0.164768E+01    0.152527E+04    0.115111E+02    0.566458E+00
   0.494950E+02    0.259562E+04   -0.308360E+04   -0.487979E+03    0.200279E+01    0.149938E+01    0.152603E+04    0.115130E+02    0.566173E+00
   0.499950E+02    0.260765E+04   -0.307669E+04   -0.469042E+03    0.201208E+01    0.145811E+01    0.152687E+04    0.115151E+02    0.565864E+00
   0.504950E+02    0.260895E+04   -0.307374E+04   -0.464794E+03    0.201308E+01    0.134713E+01    0.152751E+04    0.115167E+02    0.565625E+00
   0.509950E+02    0.262028E+04   -0.309184E+04   -0.471559E+03    0.202182E+01    0.137876E+01    0.152812E+04    0.115182E+02    0.565402E+00
   0.514950E+02    0.256638E+04   -0.303454E+04   -0.468159E+03    0.198023E+01    0.158207E+01    0.152884E+04    0.115200E+02    0.565135E+00
   0.519950E+02    0.264654E+04   -0.311313E+04   -0.466594E+03    0.204208E+01    0.134411E+01    0.152966E+04    0.115221E+02    0.564832E+00
   0.524950E+02    0.258287E+04   -0.304855E+04   -0.465686E+03    0.199295E+01    0.147303E+01    0.153042E+04    0.115240E+02    0.564552E+00
   0.529950E+02    0.258078E+04   -0.304600E+04   -0.465227E+03    0.199134E+01    0.146549E+01    0.153112E+04    0.115258E+02    0.564293E+00
   0.534950E+02    0.257188E+04   -0.303415E+04   -0.462270E+03    0.198447E+01    0.160347E+01    0.153188E+04    0.115277E+02    0.564012E+00
   0.539950E+02    0.253106E+04   -0.298104E+04   -0.449976E+03    0.195298E+01    0.176210E+01    0.153284E+04    0.115301E+02    0.563659E+00
   0.544950E+02    0.257622E+04   -0.302820E+04   -0.451977E+03    0.198783E+01    0.142134E+01    0.153354E+04    0.115318E+02    0.563403E+00
   0.549950E+02    0.256868E+04   -0.303570E+04   -0.467019E+03    0.198201E+01    0.158595E+01    0.153420E+04    0.115335E+02    0.563162E+00
   0.554950E+02    0.257479E+04   -0.304595E+04   -0.471161E+03    0.198672E+01    0.152041E+01    0.153485E+04    0.115351E+02    0.562921E+00
   0.559950E+02    0.258153E+04   -0.304567E+04   -0.464145E+03    0.199192E+01    0.155618E+01    0.153564E+04    0.115371E+02    0.562631E+00
   0.564950E+02    0.260279E+04   -0.306834E+04   -0.465553E+03    0.200833E+01    0.133902E+01    0.153634E+04    0.115388E+02    0.562377E+00
   0.569950E+02    0.258766E+04   -0.304246E+04   -0.454802E+03    0.199665E+01    0.141219E+01    0.153712E+04    0.115408E+02    0.562091E+00
   0.574950E+02    0.264098E+04   -0.309665E+04   -0.455663E+03    0.203780E+01    0.126236E+01    0.153769E+04    0.115422E+02    0.561882E+00
   0.579950E+02    0.259857E+04   -0.305495E+04   -0.456378E+03    0.200507E+01    0.134056E+01    0.153827E+04    0.115437E+02    0.561669E+00
   0.584950E+02    0.263126E+04   -0.309272E+04   -0.461456E+03    0.203029E+01    0.124898E+01    0.153884E+04    0.115451E+02    0.561460E+00
   0.589950E+02    0.255202E+04   -0.302110E+04   -0.469084E+03    0.196915E+01    0.160556E+01    0.153936E+04    0.115464E+02    0.561273E+00
   0.594950E+02    0.250217E+04   -0.296128E+04   -0.459112E+03    0.193069E+01    0.170927E+01    0.153999E+04    0.115480E+02    0.561041E+00
   0.599950E+02    0.257667E+04   -0.302224E+04   -0.445574E+03    0.198817E+01    0.141772E+01    0.154065E+04    0.115496E+02    0.560804E+00
   0.604950E+02    0.259413E+04   -0.303175E+04   -0.437624E+03    0.200164E+01    0.134487E+01    0.154134E+04    0.115514E+02    0.560550E+00
   0.609950E+02    0.265095E+04   -0.309240E+04   -0.441453E+03    0.204549E+01    0.124496E+01    0.154188E+04    0.115527E+02    0.560356E+00
   0.614950E+02    0.258006E+04   -0.301904E+04   -0.438983E+03    0.199078E+01    0.152320E+01    0.154253E+04    0.115543E+02    0.560119E+00
   0.619950E+02    0.260057E+04   -0.305347E+04   -0.452904E+03    0.200661E+01    0.131853E+01    0.154308E+04    0.115557E+02    0.559919E+00
   0.624950E+02    0.257021E+04   -0.302380E+04   -0.453593E+03    0.198318E+01    0.149281E+01    0.154375E+04    0.115574E+02    0.559676E+00
   0.629950E+02    0.256746E+04   -0.301059E+04   -0.443130E+03    0.198107E+01    0.147048E+01    0.154444E+04    0.115591E+02    0.559427E+00
   0.634950E+02    0.262230E+04   -0.305429E+04   -0.431993E+03    0.202338E+01    0.137532E+01    0.154520E+04    0.115610E+02    0.559151E+00
   0.639950E+02    0.257655E+04   -0.301031E+04   -0.433756E+03    0.198808E+01    0.146546E+01    0.154577E+04    0.115624E+02    0.558946E+00
   0.644950E+02    0.260005E+04   -0.303835E+04   -0.438295E+03    0.200621E+01    0.131037E+01    0.154648E+04    0.115642E+02    0.558688E+00
   0.649950E+02    0.259436E+04   -0.303060E+04   -0.436234E+03    0.200182E+01    0.144079E+01    0.154714E+04    0.115658E+02    0.558449E+00
   0.654950E+02    0.259400E+04   -0.303407E+04   -0.440078E+03    0.200154E+01    0.132919E+01    0.154768E+04    0.115672E+02    0.558255E+00
   0.659950E+02    0.261407E+04   -0.305311E+04   -0.439036E+03    0.201703E+01    0.129491E+01    0.154832E+04    0.115688E+02    0.558023E+00
   0.664950E+02    0.259753E+04   -0.301419E+04   -0.416665E+03    0.200426E+01    0.140182E+01    0.154902E+04    0.115705E+02    0.557772E+00
   0.669950E+02    0.259804E+04   -0.300659E+04   -0.408551E+03    0.200466E+01    0.142838E+01    0.154977E+04    0.115724E+02    0.557504E+00
   0.674950E+02    0.258823E+04   -0.300029E+04   -0.412058E+03    0.199709E+01    0.144039E+01    0.155049E+04    0.115742E+02    0.557244E+00
   0.679950E+02    0.262073E+04   -0.305648E+04   -0.435745E+03    0.202217E+01    0.133647E+01    0.155101E+04    0.115755E+02    0.557057E+00
   0.684950E+02    0.259316E+04   -0.301862E+04   -0.425460E+03    0.200089E+01    0.144765E+01    0.155173E+04    0.115773E+02    0.556797E+00
   0.689950E+02    0.263049E+04   -0.306098E+04   -0.430491E+03    0.202970E+01    0.121604E+01    0.155239E+04    0.115789E+02    0.556561E+00
   0.694950E+02    0.265112E+04   -0.308613E+04   -0.435007E+03    0.204562E+01    0.113317E+01    0.155283E+04    0.115800E+02    0.556404E+00
   0.699950E+02    0.261799E+04   -0.305728E+04   -0.439288E+03    0.202006E+01    0.122729E+01    0.155333E+04    0.115812E+02    0.556224E+00
   0.704950E+02    0.260153E+04   -0.304132E+04   -0.439794E+03    0.200735E+01    0.140391E+01    0.155401E+04    0.115829E+02    0.555980E+00
   0.709950E+02    0.258785E+04   -0.302266E+04   -0.434813E+03    0.199680E+01    0.139023E+01    0.155459E+04    0.115844E+02    0.555774E+00
   0.714950E+02    0.261988E+04   -0.305217E+04   -0.432294E+03    0.202151E+01    0.128371E+01    0.155515E+04    0.115858E+02    0.555573E+00
   0.719950E+02    0.261998E+04   -0.304854E+04   -0.428558E+03    0.202159E+01    0.124119E+01    0.155572E+04    0.115872E+02    0.555371E+00
   0.724950E+02    0.256795E+04   -0.298303E+04   -0.415080E+03    0.198145E+01    0.142914E+01    0.155632E+04    0.115886E+02    0.555156E+00
   0.729950E+02    0.257708E+04   -0.298820E+04   -0.411125E+03    0.198849E+01    0.141612E+01    0.155696E+04    0.115903E+02    0.554926E+00
   0.734950E+02    0.257894E+04   -0.298013E+04   -0.401190E+03    0.198992E+01    0.152103E+01    0.155765E+04    0.115919E+02    0.554683E+00
   0.739950E+02    0.261195E+04   -0.301681E+04   -0.404852E+03    0.201540E+01    0.141869E+01    0.155828E+04    0.115935E+02    0.554458E+00
   0.744950E+02    0.261230E+04   -0.302222E+04   -0.409919E+03    0.201567E+01    0.129178E+01    0.155899E+04    0.115953E+02    0.554206E+00
   0.749950E+02    0.258899E+04   -0.300332E+04   -0.414327E+03    0.199768E+01    0.140534E+01    0.155953E+04    0.115966E+02    0.554013E+00
   0.754950E+02    0.257938E+04   -0.298817E+04   -0.408796E+03    0.199026E+01    0.135914E+01    0.156024E+04    0.115984E+02    0.553759E+00
   0.759950E+02    0.259789E+04   -0.300313E+04   -0.405244E+03    0.200454E+01    0.138486E+01    0.156080E+04    0.115998E+02    0.553561E+00
   0.764950E+02    0.257471E+04   -0.298839E+04   -0.413682E+03    0.198666E+01    0.131444E+01    0.156131E+04    0.116010E+02    0.553382E+00
   0.769950E+02    0.263260E+04   -0.304494E+04   -0.412338E+03    0.203133E+01    0.131728E+01    0.156186E+04    0.116024E+02    0.553188E+00
   0.774950E+02    0.258383E+04   -0.299734E+04   -0.413507E+03    0.199370E+01    0.129566E+01    0.156241E+04    0.116038E+02    0.552991E+00
   0.779950E+02    0.261539E+04   -0.303743E+04   -0.422040E+03    0.201805E+01    0.124549E+01    0.156297E+04    0.116051E+02    0.552794E+00
   0.784950E+02    0.250444E+04   -0.292862E+04   -0.424188E+03    0.193244E+01    0.158574E+01    0.156336E+04    0.116061E+02    0.552655E+00
   0.789950E+02    0.256576E+04   -0.297467E+04   -0.408907E+03    0.197975E+01    0.144481E+01    0.156398E+04    0.116076E+02    0.552438E+00
   0.794950E+02    0.259433E+04   -0.300012E+04   -0.405790E+03    0.200179E+01    0.133996E+01    0.156449E+04    0.116089E+02    0.552255E+00
   0.799950E+02    0.254102E+04   -0.295878E+04   -0.417763E+03    0.196066E+01    0.152965E+01    0.156499E+04    0.116101E+02    0.552081E+00
   0.804950E+02    0.259019E+04   -0.299617E+04   -0.405980E+03    0.199860E+01    0.137227E+01    0.156567E+04    0.116118E+02    0.551839E+00
   0.809950E+02    0.258084E+04   -0.299453E+04   -0.413693E+03    0.199139E+01    0.128799E+01    0.156621E+04    0.116132E+02    0.551649E+00
   0.814950E+02    0.259287E+04   -0.299270E+04   -0.399823E+03    0.200067E+01    0.125011E+01    0.156667E+04    0.116143E+02    0.551489E+00
   0.819950E+02    0.254980E+04   -0.293702E+04   -0.387215E+03    0.196744E+01    0.158961E+01    0.156738E+04    0.116160E+02    0.551239E+00
   0.824950E+02    0.262647E+04   -0.302023E+04   -0.393764E+03    0.202659E+01    0.133863E+01    0.156798E+04    0.116175E+02    0.551026E+00
   0.829950E+02    0.257101E+04   -0.296456E+04   -0.393550E+03    0.198380E+01    0.148446E+01    0.156863E+04    0.116191E+02    0.550800E+00
   0.834950E+02    0.260674E+04   -0.300729E+04   -0.400554E+03    0.201137E+01    0.135106E+01    0.156927E+04    0.116207E+02    0.550576E+00
   0.839950E+02    0.257772E+04   -0.298308E+04   -0.405357E+03    0.198898E+01    0.145308E+01    0.156983E+04    0.116221E+02    0.550379E+00
   0.844950E+02    0.256927E+04   -0.296585E+04   -0.396577E+03    0.198246E+01    0.137956E+01    0.157039E+04    0.116235E+02    0.550180E+00
   0.849950E+02    0.258549E+04   -0.298150E+04   -0.396010E+03    0.199498E+01    0.142712E+01    0.157099E+04    0.116249E+02    0.549973E+00
   0.854950E+02    0.263102E+04   -0.302514E+04   -0.394124E+03    0.203010E+01    0.128501E+01    0.157158E+04    0.116264E+02    0.549764E+00
   0.859950E+02    0.257807E+04   -0.297125E+04   -0.393180E+03    0.198925E+01    0.140872E+01    0.157216E+04    0.116278E+02    0.549563E+00
   0.864950E+02    0.260892E+04   -0.301053E+04   -0.401619E+03    0.201305E+01    0.124653E+01    0.157274E+04    0.116293E+02    0.549359E+00
   0.869950E+02    0.260218E+04   -0.299537E+04   -0.393189E+03    0.200785E+01    0.127445E+01    0.157326E+04    0.116305E+02    0.549179E+00
   0.874950E+02    0.257759E+04   -0.297795E+04   -0.400358E+03    0.198888E+01    0.129351E+01    0.157365E+04    0.116315E+02    0.549042E+00
   0.879950E+02    0.260658E+04   -0.300409E+04   -0.397509E+03    0.201125E+01    0.127524E+01    0.157408E+04    0.116326E+02    0.548891E+00
   0.884950E+02    0.255854E+04   -0.295943E+04   -0.400886E+03    0.197418E+01    0.138387E+01    0.157456E+04    0.116337E+02    0.548725E+00
   0.889950E+02    0.260065E+04   -0.299198E+04   -0.391332E+03    0.200668E+01    0.126441E+01    0.157511E+04    0.116351E+02    0.548532E+00
   0.894950E+02    0.254896E+04   -0.292657E+04   -0.377608E+03    0.196679E+01    0.155204E+01    0.157587E+04    0.116370E+02    0.548270E+00
   0.899950E+02    0.257915E+04   -0.295275E+04   -0.373597E+03    0.199009E+01    0.146365E+01    0.157659E+04    0.116388E+02    0.548017E+00
   0.904950E+02    0.260749E+04   -0.298028E+04   -0.372790E+03    0.201195E+01    0.126599E+01    0.157723E+04    0.116403E+02    0.547795E+00
   0.909950E+02    0.259704E+04   -0.295983E+04   -0.362792E+03    0.200389E+01    0.133623E+01    0.157781E+04    0.116418E+02    0.547593E+00
   0.914950E+02    0.257400E+04   -0.292456E+04   -0.350566E+03    0.198611E+01    0.143081E+01    0.157839E+04    0.116432E+02    0.547393E+00
   0.919950E+02    0.258771E+04   -0.296712E+04   -0.379408E+03    0.199669E+01    0.132927E+01    0.157888E+04    0.116444E+02    0.547222E+00
   0.924950E+02    0.254719E+04   -0.293513E+04   -0.387943E+03    0.196542E+01    0.135370E+01    0.157923E+04    0.116452E+02    0.547104E+00
   0.929950E+02    0.257436E+04   -0.294761E+04   -0.373244E+03    0.198639E+01    0.138921E+01    0.157975E+04    0.116465E+02    0.546922E+00
   0.934950E+02    0.259984E+04   -0.299250E+04   -0.392665E+03    0.200605E+01    0.138583E+01    0.158025E+04    0.116477E+02    0.546750E+00
   0.939950E+02    0.255354E+04   -0.292305E+04   -0.369510E+03    0.197033E+01    0.150096E+01    0.158097E+04    0.116495E+02    0.546500E+00
   0.944950E+02    0.258071E+04   -0.295499E+04   -0.374281E+03    0.199129E+01    0.139216E+01    0.158150E+04    0.116508E+02    0.546316E+00
   0.949950E+02    0.265812E+04   -0.302882E+04   -0.370705E+03    0.205102E+01    0.120391E+01    0.158209E+04    0.116523E+02    0.546115E+00
   0.954950E+02    0.262408E+04   -0.299353E+04   -0.369450E+03    0.202475E+01    0.120224E+01    0.158264E+04    0.116536E+02    0.545922E+00
   0.959950E+02    0.263995E+04   -0.300434E+04   -0.364394E+03    0.203700E+01    0.116789E+01    0.158318E+04    0.116549E+02    0.545737E+00
   0.964950E+02    0.263175E+04   -0.299823E+04   -0.366479E+03    0.203067E+01    0.123662E+01    0.158377E+04    0.116564E+02    0.545533E+00
   0.969950E+02    0.262252E+04   -0.300049E+04   -0.377962E+03    0.202355E+01    0.122025E+01    0.158432E+04    0.116577E+02    0.545344E+00
   0.974950E+02    0.258014E+04   -0.294151E+04   -0.361375E+03    0.199085E+01    0.133724E+01    0.158491E+04    0.116592E+02    0.545140E+00
   0.979950E+02    0.264431E+04   -0.301483E+04   -0.370519E+03    0.204036E+01    0.113152E+01    0.158539E+04    0.116604E+02    0.544976E+00
   0.984950E+02    0.261967E+04   -0.299638E+04   -0.376711E+03    0.202135E+01    0.113490E+01    0.158574E+04    0.116612E+02    0.544857E+00
   0.989950E+02    0.256246E+04   -0.294874E+04   -0.386288E+03    0.197720E+01    0.132530E+01    0.158608E+04    0.116620E+02    0.544741E+00
   0.994950E+02    0.256704E+04   -0.293628E+04   -0.369233E+03    0.198074E+01    0.135389E+01    0.158655E+04    0.116632E+02    0.544577E+00
   0.999950E+02    0.264938E+04   -0.301465E+04   -0.365270E+03    0.204428E+01    0.107619E+01    0.158699E+04    0.116643E+02    0.544426E+00
   0.100495E+03    0.256465E+04   -0.292665E+04   -0.362000E+03    0.197889E+01    0.144123E+01    0.158745E+04    0.116654E+02    0.544269E+00
   0.100995E+03    0.259605E+04   -0.295389E+04   -0.357842E+03    0.200312E+01    0.128262E+01    0.158809E+04    0.116670E+02    0.544050E+00
   0.101495E+03    0.259162E+04   -0.294667E+04   -0.355054E+03    0.199971E+01    0.135709E+01    0.158863E+04    0.116683E+02    0.543865E+00
   0.101995E+03    0.258219E+04   -0.293486E+04   -0.352665E+03    0.199243E+01    0.129049E+01    0.158915E+04    0.116696E+02    0.543688E+00
   0.102495E+03    0.257567E+04   -0.293238E+04   -0.356703E+03    0.198740E+01    0.139165E+01    0.158961E+04    0.116707E+02    0.543528E+00
   0.102995E+03    0.256901E+04   -0.293037E+04   -0.361354E+03    0.198226E+01    0.141885E+01    0.159009E+04    0.116719E+02    0.543366E+00
   0.103495E+03    0.259556E+04   -0.294350E+04   -0.347945E+03    0.200274E+01    0.124833E+01    0.159061E+04    0.116731E+02    0.543188E+00
   0.103995E+03    0.262108E+04   -0.299101E+04   -0.369932E+03    0.202244E+01    0.121099E+01    0.159107E+04    0.116743E+02    0.543030E+00
   0.104495E+03    0.262327E+04   -0.299516E+04   -0.371900E+03    0.202412E+01    0.110659E+01    0.159152E+04    0.116754E+02    0.542876E+00
   0.104995E+03    0.261191E+04   -0.298189E+04   -0.369980E+03    0.201537E+01    0.122650E+01    0.159193E+04    0.116764E+02    0.542739E+00
   0.105495E+03    0.257246E+04   -0.292893E+04   -0.356474E+03    0.198492E+01    0.136215E+01    0.159248E+04    0.116777E+02    0.542549E+00
   0.105995E+03    0.260410E+04   -0.295912E+04   -0.355015E+03    0.200934E+01    0.123634E+01    0.159291E+04    0.116788E+02    0.542404E+00
   0.106495E+03    0.258669E+04   -0.294844E+04   -0.361752E+03    0.199590E+01    0.130729E+01    0.159333E+04    0.116798E+02    0.542260E+00
   0.106995E+03    0.260567E+04   -0.296244E+04   -0.356763E+03    0.201055E+01    0.129747E+01    0.159387E+04    0.116811E+02    0.542078E+00
   0.107495E+03    0.256859E+04   -0.292844E+04   -0.359850E+03    0.198194E+01    0.141545E+01    0.159437E+04    0.116823E+02    0.541907E+00
   0.107995E+03    0.260889E+04   -0.295860E+04   -0.349715E+03    0.201303E+01    0.130927E+01    0.159497E+04    0.116838E+02    0.541702E+00
   0.108495E+03    0.265087E+04   -0.300373E+04   -0.352858E+03    0.204543E+01    0.104307E+01    0.159548E+04    0.116850E+02    0.541530E+00
   0.108995E+03    0.256203E+04   -0.291878E+04   -0.356747E+03    0.197687E+01    0.123963E+01    0.159586E+04    0.116860E+02    0.541402E+00
   0.109495E+03    0.263611E+04   -0.298292E+04   -0.346812E+03    0.203403E+01    0.117740E+01    0.159624E+04    0.116869E+02    0.541271E+00
   0.109995E+03    0.262766E+04   -0.297062E+04   -0.342959E+03    0.202752E+01    0.113760E+01    0.159666E+04    0.116879E+02    0.541128E+00
   0.110495E+03    0.261834E+04   -0.295924E+04   -0.340904E+03    0.202032E+01    0.114632E+01    0.159711E+04    0.116890E+02    0.540976E+00
   0.110995E+03    0.262386E+04   -0.297612E+04   -0.352252E+03    0.202459E+01    0.111469E+01    0.159752E+04    0.116900E+02    0.540838E+00
   0.111495E+03    0.257311E+04   -0.292288E+04   -0.349768E+03    0.198543E+01    0.128689E+01    0.159802E+04    0.116913E+02    0.540668E+00
   0.111995E+03    0.256691E+04   -0.290838E+04   -0.341470E+03    0.198064E+01    0.145836E+01    0.159849E+04    0.116924E+02    0.540511E+00
   0.112495E+03    0.258462E+04   -0.292455E+04   -0.339932E+03    0.199430E+01    0.140165E+01    0.159904E+04    0.116937E+02    0.540324E+00
   0.112995E+03    0.258410E+04   -0.294626E+04   -0.362160E+03    0.199391E+01    0.124221E+01    0.159932E+04    0.116944E+02    0.540231E+00
   0.113495E+03    0.257339E+04   -0.292268E+04   -0.349290E+03    0.198564E+01    0.130466E+01    0.159975E+04    0.116955E+02    0.540083E+00
   0.113995E+03    0.264832E+04   -0.299506E+04   -0.346739E+03    0.204346E+01    0.109017E+01    0.160023E+04    0.116966E+02    0.539922E+00
   0.114495E+03    0.259878E+04   -0.295613E+04   -0.357347E+03    0.200523E+01    0.130522E+01    0.160064E+04    0.116976E+02    0.539784E+00
   0.114995E+03    0.257529E+04   -0.292719E+04   -0.351907E+03    0.198710E+01    0.121396E+01    0.160100E+04    0.116985E+02    0.539664E+00
   0.115495E+03    0.257847E+04   -0.291915E+04   -0.340674E+03    0.198956E+01    0.126745E+01    0.160140E+04    0.116995E+02    0.539527E+00
   0.115995E+03    0.257468E+04   -0.292259E+04   -0.347914E+03    0.198663E+01    0.136179E+01    0.160181E+04    0.117005E+02    0.539391E+00
   0.116495E+03    0.260325E+04   -0.294322E+04   -0.339971E+03    0.200868E+01    0.126181E+01    0.160234E+04    0.117018E+02    0.539213E+00
   0.116995E+03    0.254959E+04   -0.289174E+04   -0.342149E+03    0.196728E+01    0.139527E+01    0.160271E+04    0.117027E+02    0.539087E+00
   0.117495E+03    0.259552E+04   -0.293811E+04   -0.342595E+03    0.200272E+01    0.132193E+01    0.160320E+04    0.117039E+02    0.538923E+00
   0.117995E+03    0.260741E+04   -0.295665E+04   -0.349238E+03    0.201189E+01    0.114641E+01    0.160365E+04    0.117050E+02    0.538770E+00
   0.118495E+03    0.256117E+04   -0.291810E+04   -0.356932E+03    0.197621E+01    0.134421E+01    0.160398E+04    0.117058E+02    0.538661E+00
   0.118995E+03    0.262953E+04   -0.298488E+04   -0.355349E+03    0.202896E+01    0.110782E+01    0.160438E+04    0.117067E+02    0.538525E+00
   0.119495E+03    0.249866E+04   -0.283789E+04   -0.339225E+03    0.192798E+01    0.154245E+01    0.160484E+04    0.117078E+02    0.538373E+00
   0.119995E+03    0.259228E+04   -0.292756E+04   -0.335277E+03    0.200022E+01    0.118063E+01    0.160522E+04    0.117088E+02    0.538244E+00
   0.120495E+03    0.262638E+04   -0.295778E+04   -0.331399E+03    0.202653E+01    0.115014E+01    0.160561E+04    0.117097E+02    0.538113E+00
   0.120995E+03    0.262536E+04   -0.296841E+04   -0.343052E+03    0.202574E+01    0.119496E+01    0.160607E+04    0.117109E+02    0.537958E+00
   0.121495E+03    0.256888E+04   -0.291489E+04   -0.346013E+03    0.198216E+01    0.122717E+01    0.160644E+04    0.117117E+02    0.537836E+00
   0.121995E+03    0.259027E+04   -0.292843E+04   -0.338165E+03    0.199866E+01    0.137125E+01    0.160694E+04    0.117129E+02    0.537669E+00
   0.122495E+03    0.255860E+04   -0.288606E+04   -0.327461E+03    0.197423E+01    0.125407E+01    0.160729E+04    0.117138E+02    0.537552E+00
   0.122995E+03    0.260500E+04   -0.292223E+04   -0.317232E+03    0.201003E+01    0.129107E+01    0.160766E+04    0.117147E+02    0.537426E+00
   0.123495E+03    0.266966E+04   -0.300667E+04   -0.337006E+03    0.205993E+01    0.105672E+01    0.160806E+04    0.117157E+02    0.537292E+00
   0.123995E+03    0.257823E+04   -0.291136E+04   -0.333129E+03    0.198938E+01    0.135713E+01    0.160860E+04    0.117170E+02    0.537114E+00
   0.124495E+03    0.264688E+04   -0.298389E+04   -0.337012E+03    0.204235E+01    0.117076E+01    0.160909E+04    0.117182E+02    0.536948E+00
   0.124995E+03    0.250192E+04   -0.283875E+04   -0.336836E+03    0.193049E+01    0.144272E+01    0.160953E+04    0.117193E+02    0.536802E+00
   0.125495E+03    0.258474E+04   -0.290992E+04   -0.325178E+03    0.199440E+01    0.135888E+01    0.160997E+04    0.117203E+02    0.536657E+00
   0.125995E+03    0.264476E+04   -0.297363E+04   -0.328865E+03    0.204071E+01    0.116251E+01    0.161039E+04    0.117213E+02    0.536517E+00
   0.126495E+03    0.261202E+04   -0.294227E+04   -0.330256E+03    0.201544E+01    0.119928E+01    0.161086E+04    0.117225E+02    0.536360E+00
   0.126995E+03    0.257389E+04   -0.289734E+04   -0.323451E+03    0.198602E+01    0.133586E+01    0.161127E+04    0.117235E+02    0.536223E+00
   0.127495E+03    0.252504E+04   -0.283849E+04   -0.313442E+03    0.194834E+01    0.147661E+01    0.161162E+04    0.117243E+02    0.536105E+00
   0.127995E+03    0.256724E+04   -0.288003E+04   -0.312789E+03    0.198090E+01    0.129632E+01    0.161203E+04    0.117253E+02    0.535969E+00
   0.128495E+03    0.264020E+04   -0.294826E+04   -0.308057E+03    0.203719E+01    0.117638E+01    0.161253E+04    0.117265E+02    0.535804E+00
   0.128995E+03    0.266876E+04   -0.298158E+04   -0.312818E+03    0.205923E+01    0.990044E+00    0.161291E+04    0.117274E+02    0.535679E+00
   0.129495E+03    0.262364E+04   -0.294294E+04   -0.319298E+03    0.202441E+01    0.117446E+01    0.161330E+04    0.117284E+02    0.535548E+00
   0.129995E+03    0.260811E+04   -0.292504E+04   -0.316936E+03    0.201243E+01    0.117438E+01    0.161367E+04    0.117293E+02    0.535425E+00
   0.130495E+03    0.263863E+04   -0.296166E+04   -0.323034E+03    0.203598E+01    0.104009E+01    0.161400E+04    0.117301E+02    0.535315E+00
   0.130995E+03    0.261076E+04   -0.294143E+04   -0.330666E+03    0.201448E+01    0.129103E+01    0.161434E+04    0.117309E+02    0.535204E+00
   0.131495E+03    0.258950E+04   -0.292239E+04   -0.332883E+03    0.199807E+01    0.132581E+01    0.161485E+04    0.117321E+02    0.535034E+00
   0.131995E+03    0.256001E+04   -0.289122E+04   -0.331217E+03    0.197531E+01    0.125323E+01    0.161516E+04    0.117329E+02    0.534930E+00
   0.132495E+03    0.262499E+04   -0.293697E+04   -0.311978E+03    0.202546E+01    0.111275E+01    0.161557E+04    0.117339E+02    0.534794E+00
   0.132995E+03    0.255224E+04   -0.285526E+04   -0.303025E+03    0.196932E+01    0.141423E+01    0.161605E+04    0.117350E+02    0.534637E+00
   0.133495E+03    0.257305E+04   -0.285892E+04   -0.285870E+03    0.198537E+01    0.127849E+01    0.161657E+04    0.117363E+02    0.534465E+00
   0.133995E+03    0.258425E+04   -0.286632E+04   -0.282074E+03    0.199402E+01    0.136013E+01    0.161703E+04    0.117374E+02    0.534314E+00
   0.134495E+03    0.254816E+04   -0.284676E+04   -0.298601E+03    0.196617E+01    0.137491E+01    0.161738E+04    0.117383E+02    0.534197E+00
   0.134995E+03    0.261596E+04   -0.291146E+04   -0.295507E+03    0.201848E+01    0.126390E+01    0.161787E+04    0.117395E+02    0.534034E+00
   0.135495E+03    0.261351E+04   -0.292616E+04   -0.312653E+03    0.201660E+01    0.127504E+01    0.161838E+04    0.117407E+02    0.533868E+00
   0.135995E+03    0.252892E+04   -0.283634E+04   -0.307423E+03    0.195132E+01    0.148249E+01    0.161888E+04    0.117419E+02    0.533701E+00
   0.136495E+03    0.263439E+04   -0.293494E+04   -0.300549E+03    0.203271E+01    0.120503E+01    0.161944E+04    0.117432E+02    0.533519E+00
   0.136995E+03    0.254135E+04   -0.284331E+04   -0.301965E+03    0.196092E+01    0.140526E+01    0.161990E+04    0.117444E+02    0.533365E+00
   0.137495E+03    0.259731E+04   -0.291229E+04   -0.314982E+03    0.200410E+01    0.124025E+01    0.162029E+04    0.117453E+02    0.533238E+00
   0.137995E+03    0.255475E+04   -0.287633E+04   -0.321578E+03    0.197126E+01    0.125096E+01    0.162062E+04    0.117461E+02    0.533130E+00
   0.138495E+03    0.255446E+04   -0.285481E+04   -0.300347E+03    0.197104E+01    0.129147E+01    0.162103E+04    0.117471E+02    0.532995E+00
   0.138995E+03    0.257796E+04   -0.286764E+04   -0.289674E+03    0.198917E+01    0.127371E+01    0.162157E+04    0.117484E+02    0.532818E+00
   0.139495E+03    0.258533E+04   -0.287698E+04   -0.291648E+03    0.199485E+01    0.135576E+01    0.162205E+04    0.117495E+02    0.532660E+00
   0.139995E+03    0.259588E+04   -0.288667E+04   -0.290787E+03    0.200300E+01    0.126828E+01    0.162243E+04    0.117505E+02    0.532535E+00
   0.140495E+03    0.257317E+04   -0.287048E+04   -0.297312E+03    0.198547E+01    0.138100E+01    0.162287E+04    0.117515E+02    0.532391E+00
   0.140995E+03    0.260612E+04   -0.290234E+04   -0.296219E+03    0.201090E+01    0.126536E+01    0.162334E+04    0.117527E+02    0.532236E+00
   0.141495E+03    0.259897E+04   -0.289736E+04   -0.298393E+03    0.200538E+01    0.120431E+01    0.162379E+04    0.117537E+02    0.532089E+00
   0.141995E+03    0.260358E+04   -0.288910E+04   -0.285515E+03    0.200894E+01    0.110407E+01    0.162426E+04    0.117549E+02    0.531934E+00
   0.142495E+03    0.261019E+04   -0.290532E+04   -0.295133E+03    0.201404E+01    0.123229E+01    0.162454E+04    0.117556E+02    0.531843E+00
   0.142995E+03    0.262319E+04   -0.292160E+04   -0.298403E+03    0.202407E+01    0.107996E+01    0.162496E+04    0.117566E+02    0.531706E+00
   0.143495E+03    0.258315E+04   -0.288118E+04   -0.298027E+03    0.199317E+01    0.121601E+01    0.162536E+04    0.117575E+02    0.531574E+00
   0.143995E+03    0.261761E+04   -0.291127E+04   -0.293660E+03    0.201976E+01    0.110870E+01    0.162577E+04    0.117585E+02    0.531442E+00
   0.144495E+03    0.259290E+04   -0.288417E+04   -0.291264E+03    0.200070E+01    0.124458E+01    0.162624E+04    0.117597E+02    0.531288E+00
   0.144995E+03    0.264109E+04   -0.291661E+04   -0.275519E+03    0.203788E+01    0.109669E+01    0.162671E+04    0.117608E+02    0.531133E+00
   0.145495E+03    0.260511E+04   -0.288889E+04   -0.283783E+03    0.201012E+01    0.124510E+01    0.162717E+04    0.117619E+02    0.530983E+00
   0.145995E+03    0.261286E+04   -0.291520E+04   -0.302337E+03    0.201610E+01    0.124072E+01    0.162759E+04    0.117629E+02    0.530847E+00
   0.146495E+03    0.263079E+04   -0.294850E+04   -0.317713E+03    0.202993E+01    0.108998E+01    0.162787E+04    0.117636E+02    0.530753E+00
   0.146995E+03    0.261576E+04   -0.292173E+04   -0.305971E+03    0.201833E+01    0.111821E+01    0.162823E+04    0.117645E+02    0.530637E+00
   0.147495E+03    0.259838E+04   -0.291338E+04   -0.315000E+03    0.200492E+01    0.114595E+01    0.162853E+04    0.117652E+02    0.530540E+00
   0.147995E+03    0.257019E+04   -0.288096E+04   -0.310769E+03    0.198317E+01    0.131014E+01    0.162885E+04    0.117660E+02    0.530435E+00
   0.148495E+03    0.258973E+04   -0.288753E+04   -0.297805E+03    0.199825E+01    0.122517E+01    0.162926E+04    0.117669E+02    0.530301E+00
   0.148995E+03    0.262818E+04   -0.292165E+04   -0.293471E+03    0.202792E+01    0.102068E+01    0.162960E+04    0.117678E+02    0.530191E+00
   0.149495E+03    0.263064E+04   -0.292542E+04   -0.294782E+03    0.202981E+01    0.110383E+01    0.162992E+04    0.117685E+02    0.530087E+00
   0.149995E+03    0.261405E+04   -0.292521E+04   -0.311165E+03    0.201701E+01    0.113399E+01    0.163019E+04    0.117692E+02    0.530000E+00
   0.150495E+03    0.262791E+04   -0.293697E+04   -0.309065E+03    0.202771E+01    0.102530E+01    0.163051E+04    0.117699E+02    0.529896E+00
   0.150995E+03    0.257213E+04   -0.287001E+04   -0.297879E+03    0.198467E+01    0.116560E+01    0.163075E+04    0.117705E+02    0.529819E+00
   0.151495E+03    0.260500E+04   -0.288291E+04   -0.277911E+03    0.201003E+01    0.124319E+01    0.163118E+04    0.117716E+02    0.529677E+00
   0.151995E+03    0.259488E+04   -0.287076E+04   -0.275871E+03    0.200223E+01    0.125855E+01    0.163162E+04    0.117726E+02    0.529534E+00
   0.152495E+03    0.259603E+04   -0.285882E+04   -0.262794E+03    0.200311E+01    0.128382E+01    0.163210E+04    0.117738E+02    0.529380E+00
   0.152995E+03    0.265138E+04   -0.291514E+04   -0.263763E+03    0.204582E+01    0.110100E+01    0.163256E+04    0.117749E+02    0.529230E+00
   0.153495E+03    0.258158E+04   -0.287004E+04   -0.288462E+03    0.199196E+01    0.117169E+01    0.163273E+04    0.117753E+02    0.529174E+00
   0.153995E+03    0.260967E+04   -0.289172E+04   -0.282050E+03    0.201363E+01    0.117743E+01    0.163307E+04    0.117761E+02    0.529064E+00
   0.154495E+03    0.253702E+04   -0.282780E+04   -0.290786E+03    0.195758E+01    0.139311E+01    0.163339E+04    0.117769E+02    0.528962E+00
   0.154995E+03    0.261571E+04   -0.289778E+04   -0.282062E+03    0.201830E+01    0.123745E+01    0.163385E+04    0.117780E+02    0.528811E+00
   0.155495E+03    0.263489E+04   -0.291808E+04   -0.283191E+03    0.203309E+01    0.114575E+01    0.163433E+04    0.117791E+02    0.528655E+00
   0.155995E+03    0.262998E+04   -0.291478E+04   -0.284798E+03    0.202930E+01    0.110167E+01    0.163472E+04    0.117801E+02    0.528531E+00
   0.156495E+03    0.255470E+04   -0.284006E+04   -0.285355E+03    0.197122E+01    0.127503E+01    0.163502E+04    0.117808E+02    0.528435E+00
   0.156995E+03    0.261798E+04   -0.290086E+04   -0.282884E+03    0.202004E+01    0.121182E+01    0.163546E+04    0.117818E+02    0.528292E+00
   0.157495E+03    0.261200E+04   -0.288693E+04   -0.274928E+03    0.201543E+01    0.121410E+01    0.163591E+04    0.117829E+02    0.528148E+00
   0.157995E+03    0.261981E+04   -0.290837E+04   -0.288563E+03    0.202146E+01    0.110915E+01    0.163626E+04    0.117838E+02    0.528032E+00
   0.158495E+03    0.259835E+04   -0.288973E+04   -0.291376E+03    0.200490E+01    0.105323E+01    0.163648E+04    0.117843E+02    0.527963E+00
   0.158995E+03    0.260452E+04   -0.287010E+04   -0.265577E+03    0.200966E+01    0.116357E+01    0.163699E+04    0.117855E+02    0.527798E+00
   0.159495E+03    0.259694E+04   -0.286021E+04   -0.263268E+03    0.200381E+01    0.121392E+01    0.163743E+04    0.117866E+02    0.527656E+00
   0.159995E+03    0.261558E+04   -0.287466E+04   -0.259085E+03    0.201819E+01    0.128892E+01    0.163789E+04    0.117877E+02    0.527509E+00
   0.160495E+03    0.255782E+04   -0.283336E+04   -0.275544E+03    0.197362E+01    0.132634E+01    0.163816E+04    0.117883E+02    0.527420E+00
   0.160995E+03    0.258238E+04   -0.285388E+04   -0.271504E+03    0.199257E+01    0.119560E+01    0.163856E+04    0.117893E+02    0.527292E+00
   0.161495E+03    0.261769E+04   -0.287977E+04   -0.262085E+03    0.201982E+01    0.104552E+01    0.163888E+04    0.117901E+02    0.527189E+00
   0.161995E+03    0.263855E+04   -0.289537E+04   -0.256821E+03    0.203592E+01    0.115512E+01    0.163929E+04    0.117910E+02    0.527058E+00
   0.162495E+03    0.255598E+04   -0.281989E+04   -0.263909E+03    0.197220E+01    0.125482E+01    0.163958E+04    0.117917E+02    0.526965E+00
   0.162995E+03    0.254030E+04   -0.280584E+04   -0.265535E+03    0.196011E+01    0.134450E+01    0.163986E+04    0.117924E+02    0.526873E+00
   0.163495E+03    0.252742E+04   -0.279552E+04   -0.268097E+03    0.195017E+01    0.149467E+01    0.164012E+04    0.117930E+02    0.526791E+00
   0.163995E+03    0.260505E+04   -0.287894E+04   -0.273897E+03    0.201007E+01    0.118905E+01    0.164052E+04    0.117940E+02    0.526663E+00
   0.164495E+03    0.261867E+04   -0.288805E+04   -0.269381E+03    0.202058E+01    0.111272E+01    0.164089E+04    0.117949E+02    0.526543E+00
   0.164995E+03    0.253987E+04   -0.280037E+04   -0.260504E+03    0.195977E+01    0.138529E+01    0.164129E+04    0.117958E+02    0.526414E+00
   0.165495E+03    0.260346E+04   -0.287086E+04   -0.267405E+03    0.200884E+01    0.121907E+01    0.164164E+04    0.117967E+02    0.526304E+00
   0.165995E+03    0.258152E+04   -0.284612E+04   -0.264596E+03    0.199192E+01    0.121877E+01    0.164206E+04    0.117977E+02    0.526169E+00
   0.166495E+03    0.257092E+04   -0.282719E+04   -0.256269E+03    0.198374E+01    0.128381E+01    0.164246E+04    0.117986E+02    0.526039E+00
   0.166995E+03    0.260105E+04   -0.286369E+04   -0.262633E+03    0.200699E+01    0.105244E+01    0.164274E+04    0.117993E+02    0.525952E+00
   0.167495E+03    0.257246E+04   -0.283253E+04   -0.260072E+03    0.198492E+01    0.122621E+01    0.164303E+04    0.118000E+02    0.525857E+00
   0.167995E+03    0.260401E+04   -0.286188E+04   -0.257875E+03    0.200927E+01    0.126892E+01    0.164340E+04    0.118009E+02    0.525738E+00
   0.168495E+03    0.260868E+04   -0.287488E+04   -0.266202E+03    0.201287E+01    0.114229E+01    0.164374E+04    0.118017E+02    0.525632E+00
   0.168995E+03    0.255458E+04   -0.282581E+04   -0.271232E+03    0.197113E+01    0.121973E+01    0.164394E+04    0.118022E+02    0.525567E+00
   0.169495E+03    0.262749E+04   -0.289145E+04   -0.263959E+03    0.202738E+01    0.105355E+01    0.164427E+04    0.118030E+02    0.525460E+00
   0.169995E+03    0.256533E+04   -0.282122E+04   -0.255884E+03    0.197942E+01    0.125869E+01    0.164467E+04    0.118039E+02    0.525335E+00
   0.170495E+03    0.263912E+04   -0.289376E+04   -0.254639E+03    0.203636E+01    0.996085E+00    0.164492E+04    0.118045E+02    0.525254E+00
   0.170995E+03    0.259012E+04   -0.285433E+04   -0.264213E+03    0.199855E+01    0.119854E+01    0.164516E+04    0.118051E+02    0.525175E+00
   0.171495E+03    0.261128E+04   -0.287351E+04   -0.262226E+03    0.201488E+01    0.124422E+01    0.164567E+04    0.118063E+02    0.525014E+00
   0.171995E+03    0.258698E+04   -0.285861E+04   -0.271633E+03    0.199612E+01    0.126667E+01    0.164594E+04    0.118070E+02    0.524929E+00
   0.172495E+03    0.257757E+04   -0.284468E+04   -0.267107E+03    0.198886E+01    0.122600E+01    0.164624E+04    0.118077E+02    0.524831E+00
   0.172995E+03    0.259712E+04   -0.285955E+04   -0.262439E+03    0.200395E+01    0.125447E+01    0.164660E+04    0.118085E+02    0.524717E+00
   0.173495E+03    0.258352E+04   -0.284092E+04   -0.257405E+03    0.199346E+01    0.117638E+01    0.164699E+04    0.118095E+02    0.524592E+00
   0.173995E+03    0.260596E+04   -0.285405E+04   -0.248086E+03    0.201077E+01    0.111265E+01    0.164737E+04    0.118104E+02    0.524472E+00
   0.174495E+03    0.261622E+04   -0.286765E+04   -0.251433E+03    0.201869E+01    0.103463E+01    0.164759E+04    0.118109E+02    0.524403E+00
   0.174995E+03    0.256606E+04   -0.281857E+04   -0.252512E+03    0.197999E+01    0.132740E+01    0.164788E+04    0.118116E+02    0.524309E+00
   0.175495E+03    0.257578E+04   -0.282592E+04   -0.250147E+03    0.198748E+01    0.126071E+01    0.164831E+04    0.118126E+02    0.524172E+00
   0.175995E+03    0.264770E+04   -0.290657E+04   -0.258870E+03    0.204298E+01    0.113450E+01    0.164883E+04    0.118139E+02    0.524006E+00
   0.176495E+03    0.259957E+04   -0.287089E+04   -0.271318E+03    0.200584E+01    0.117760E+01    0.164908E+04    0.118145E+02    0.523929E+00
   0.176995E+03    0.255201E+04   -0.281766E+04   -0.265652E+03    0.196915E+01    0.123433E+01    0.164946E+04    0.118154E+02    0.523808E+00
   0.177495E+03    0.253003E+04   -0.279477E+04   -0.264736E+03    0.195218E+01    0.143384E+01    0.164984E+04    0.118163E+02    0.523688E+00
   0.177995E+03    0.255615E+04   -0.281625E+04   -0.260104E+03    0.197234E+01    0.119757E+01    0.165013E+04    0.118170E+02    0.523595E+00
   0.178495E+03    0.259971E+04   -0.284653E+04   -0.246822E+03    0.200595E+01    0.112032E+01    0.165042E+04    0.118177E+02    0.523503E+00
   0.178995E+03    0.261903E+04   -0.287262E+04   -0.253583E+03    0.202086E+01    0.115727E+01    0.165077E+04    0.118185E+02    0.523394E+00
   0.179495E+03    0.259159E+04   -0.285420E+04   -0.262612E+03    0.199968E+01    0.123451E+01    0.165111E+04    0.118193E+02    0.523284E+00
   0.179995E+03    0.261379E+04   -0.286392E+04   -0.250135E+03    0.201681E+01    0.106824E+01    0.165151E+04    0.118203E+02    0.523156E+00
   0.180495E+03    0.260968E+04   -0.286654E+04   -0.256854E+03    0.201364E+01    0.115697E+01    0.165180E+04    0.118209E+02    0.523066E+00
   0.180995E+03    0.257358E+04   -0.283607E+04   -0.262489E+03    0.198579E+01    0.118493E+01    0.165203E+04    0.118215E+02    0.522994E+00
   0.181495E+03    0.260139E+04   -0.285009E+04   -0.248704E+03    0.200724E+01    0.121533E+01    0.165235E+04    0.118223E+02    0.522891E+00
   0.181995E+03    0.257675E+04   -0.282393E+04   -0.247184E+03    0.198823E+01    0.119925E+01    0.165269E+04    0.118231E+02    0.522786E+00
   0.182495E+03    0.257844E+04   -0.282623E+04   -0.247786E+03    0.198954E+01    0.121730E+01    0.165294E+04    0.118237E+02    0.522704E+00
   0.182995E+03    0.257370E+04   -0.282848E+04   -0.254778E+03    0.198588E+01    0.119996E+01    0.165324E+04    0.118244E+02    0.522609E+00
   0.183495E+03    0.261415E+04   -0.286655E+04   -0.252400E+03    0.201709E+01    0.107355E+01    0.165345E+04    0.118249E+02    0.522543E+00
   0.183995E+03    0.257500E+04   -0.282616E+04   -0.251156E+03    0.198688E+01    0.119609E+01    0.165370E+04    0.118255E+02    0.522465E+00
   0.184495E+03    0.255037E+04   -0.279303E+04   -0.242664E+03    0.196787E+01    0.133718E+01    0.165400E+04    0.118262E+02    0.522371E+00
   0.184995E+03    0.254152E+04   -0.276615E+04   -0.224629E+03    0.196105E+01    0.140571E+01    0.165444E+04    0.118273E+02    0.522231E+00
   0.185495E+03    0.262909E+04   -0.286158E+04   -0.232492E+03    0.202862E+01    0.108969E+01    0.165479E+04    0.118281E+02    0.522121E+00
   0.185995E+03    0.253452E+04   -0.276721E+04   -0.232686E+03    0.195565E+01    0.133728E+01    0.165517E+04    0.118290E+02    0.522001E+00
   0.186495E+03    0.255555E+04   -0.279378E+04   -0.238227E+03    0.197187E+01    0.134102E+01    0.165541E+04    0.118296E+02    0.521924E+00
   0.186995E+03    0.264174E+04   -0.288362E+04   -0.241887E+03    0.203838E+01    0.950146E+00    0.165574E+04    0.118303E+02    0.521821E+00
   0.187495E+03    0.263750E+04   -0.288857E+04   -0.251071E+03    0.203511E+01    0.990751E+00    0.165597E+04    0.118309E+02    0.521747E+00
   0.187995E+03    0.260294E+04   -0.283758E+04   -0.234646E+03    0.200844E+01    0.112404E+01    0.165633E+04    0.118318E+02    0.521634E+00
   0.188495E+03    0.259501E+04   -0.282582E+04   -0.230807E+03    0.200233E+01    0.120393E+01    0.165666E+04    0.118325E+02    0.521531E+00
   0.188995E+03    0.263593E+04   -0.286669E+04   -0.230762E+03    0.203389E+01    0.109848E+01    0.165696E+04    0.118333E+02    0.521435E+00
   0.189495E+03    0.253097E+04   -0.277701E+04   -0.246038E+03    0.195291E+01    0.135319E+01    0.165730E+04    0.118341E+02    0.521328E+00
   0.189995E+03    0.263790E+04   -0.287869E+04   -0.240791E+03    0.203542E+01    0.105445E+01    0.165763E+04    0.118348E+02    0.521227E+00
   0.190495E+03    0.252967E+04   -0.277147E+04   -0.241795E+03    0.195191E+01    0.141790E+01    0.165798E+04    0.118357E+02    0.521117E+00
   0.190995E+03    0.257546E+04   -0.282439E+04   -0.248933E+03    0.198724E+01    0.111403E+01    0.165819E+04    0.118362E+02    0.521049E+00
   0.191495E+03    0.257702E+04   -0.282217E+04   -0.245147E+03    0.198844E+01    0.118913E+01    0.165845E+04    0.118368E+02    0.520968E+00
   0.191995E+03    0.258930E+04   -0.283279E+04   -0.243496E+03    0.199792E+01    0.120438E+01    0.165873E+04    0.118375E+02    0.520879E+00
   0.192495E+03    0.260956E+04   -0.283446E+04   -0.224895E+03    0.201355E+01    0.111319E+01    0.165904E+04    0.118382E+02    0.520784E+00
   0.192995E+03    0.258482E+04   -0.282489E+04   -0.240068E+03    0.199446E+01    0.122216E+01    0.165929E+04    0.118388E+02    0.520705E+00
   0.193495E+03    0.255602E+04   -0.279513E+04   -0.239106E+03    0.197224E+01    0.126602E+01    0.165958E+04    0.118395E+02    0.520615E+00
   0.193995E+03    0.260716E+04   -0.284376E+04   -0.236598E+03    0.201170E+01    0.120312E+01    0.165983E+04    0.118401E+02    0.520535E+00
   0.194495E+03    0.263384E+04   -0.286737E+04   -0.233526E+03    0.203229E+01    0.998290E+00    0.166014E+04    0.118408E+02    0.520438E+00
   0.194995E+03    0.257771E+04   -0.280129E+04   -0.223579E+03    0.198897E+01    0.133961E+01    0.166052E+04    0.118417E+02    0.520319E+00
   0.195495E+03    0.253560E+04   -0.277329E+04   -0.237687E+03    0.195648E+01    0.138832E+01    0.166087E+04    0.118425E+02    0.520210E+00
   0.195995E+03    0.252817E+04   -0.276172E+04   -0.233549E+03    0.195075E+01    0.139470E+01    0.166114E+04    0.118432E+02    0.520125E+00
   0.196495E+03    0.259055E+04   -0.281259E+04   -0.222042E+03    0.199888E+01    0.120598E+01    0.166152E+04    0.118441E+02    0.520005E+00
   0.196995E+03    0.262495E+04   -0.285364E+04   -0.228692E+03    0.202542E+01    0.118366E+01    0.166187E+04    0.118449E+02    0.519896E+00
   0.197495E+03    0.257742E+04   -0.280830E+04   -0.230881E+03    0.198875E+01    0.121943E+01    0.166217E+04    0.118456E+02    0.519803E+00
   0.197995E+03    0.261157E+04   -0.285618E+04   -0.244604E+03    0.201510E+01    0.105790E+01    0.166243E+04    0.118463E+02    0.519720E+00
   0.198495E+03    0.261053E+04   -0.285036E+04   -0.239830E+03    0.201430E+01    0.114013E+01    0.166268E+04    0.118468E+02    0.519643E+00
   0.198995E+03    0.261789E+04   -0.287127E+04   -0.253386E+03    0.201998E+01    0.107237E+01    0.166287E+04    0.118473E+02    0.519584E+00
   0.199495E+03    0.255379E+04   -0.279666E+04   -0.242871E+03    0.197052E+01    0.113434E+01    0.166311E+04    0.118479E+02    0.519508E+00
   0.199995E+03    0.262473E+04   -0.286290E+04   -0.238172E+03    0.202525E+01    0.107843E+01    0.166330E+04    0.118483E+02    0.519449E+00
   0.200495E+03    0.258053E+04   -0.280664E+04   -0.226110E+03    0.199115E+01    0.108732E+01    0.166351E+04    0.118488E+02    0.519383E+00
   0.200995E+03    0.260120E+04   -0.281958E+04   -0.218378E+03    0.200710E+01    0.104959E+01    0.166372E+04    0.118493E+02    0.519318E+00
   0.201495E+03    0.260750E+04   -0.282931E+04   -0.221802E+03    0.201196E+01    0.124967E+01    0.166400E+04    0.118500E+02    0.519231E+00
   0.201995E+03    0.257523E+04   -0.280712E+04   -0.231890E+03    0.198706E+01    0.129819E+01    0.166435E+04    0.118508E+02    0.519121E+00
   0.202495E+03    0.259271E+04   -0.282676E+04   -0.234051E+03    0.200055E+01    0.116203E+01    0.166464E+04    0.118515E+02    0.519031E+00
   0.202995E+03    0.259733E+04   -0.283109E+04   -0.233754E+03    0.200412E+01    0.110272E+01    0.166485E+04    0.118520E+02    0.518965E+00
   0.203495E+03    0.258302E+04   -0.280664E+04   -0.223622E+03    0.199307E+01    0.120416E+01    0.166525E+04    0.118530E+02    0.518841E+00
   0.203995E+03    0.261051E+04   -0.284123E+04   -0.230726E+03    0.201428E+01    0.112443E+01    0.166560E+04    0.118538E+02    0.518732E+00
   0.204495E+03    0.258045E+04   -0.281710E+04   -0.236654E+03    0.199109E+01    0.120267E+01    0.166578E+04    0.118542E+02    0.518676E+00
   0.204995E+03    0.259706E+04   -0.281927E+04   -0.222207E+03    0.200391E+01    0.120372E+01    0.166609E+04    0.118549E+02    0.518579E+00
   0.205495E+03    0.258158E+04   -0.281707E+04   -0.235489E+03    0.199196E+01    0.117464E+01    0.166630E+04    0.118554E+02    0.518514E+00
   0.205995E+03    0.257490E+04   -0.280274E+04   -0.227841E+03    0.198681E+01    0.125204E+01    0.166658E+04    0.118561E+02    0.518427E+00
   0.206495E+03    0.252716E+04   -0.275049E+04   -0.223333E+03    0.194997E+01    0.135752E+01    0.166692E+04    0.118569E+02    0.518322E+00
   0.206995E+03    0.258846E+04   -0.280682E+04   -0.218361E+03    0.199727E+01    0.117493E+01    0.166725E+04    0.118577E+02    0.518219E+00
   0.207495E+03    0.264264E+04   -0.285396E+04   -0.211321E+03    0.203908E+01    0.103907E+01    0.166759E+04    0.118585E+02    0.518112E+00
   0.207995E+03    0.262370E+04   -0.283581E+04   -0.212109E+03    0.202446E+01    0.116433E+01    0.166795E+04    0.118593E+02    0.518002E+00
   0.208495E+03    0.260288E+04   -0.282491E+04   -0.222032E+03    0.200839E+01    0.116474E+01    0.166824E+04    0.118600E+02    0.517912E+00
   0.208995E+03    0.260052E+04   -0.281208E+04   -0.211558E+03    0.200657E+01    0.120355E+01    0.166853E+04    0.118607E+02    0.517821E+00
   0.209495E+03    0.254725E+04   -0.276695E+04   -0.219697E+03    0.196547E+01    0.131707E+01    0.166881E+04    0.118614E+02    0.517734E+00
   0.209995E+03    0.257301E+04   -0.279804E+04   -0.225033E+03    0.198535E+01    0.114881E+01    0.166903E+04    0.118619E+02    0.517664E+00
   0.210495E+03    0.257297E+04   -0.278893E+04   -0.215952E+03    0.198532E+01    0.131949E+01    0.166941E+04    0.118628E+02    0.517550E+00
   0.210995E+03    0.255191E+04   -0.276586E+04   -0.213949E+03    0.196906E+01    0.141907E+01    0.166983E+04    0.118638E+02    0.517418E+00
   0.211495E+03    0.255786E+04   -0.277679E+04   -0.218925E+03    0.197366E+01    0.113450E+01    0.167003E+04    0.118643E+02    0.517356E+00
   0.211995E+03    0.258796E+04   -0.279819E+04   -0.210228E+03    0.199688E+01    0.113626E+01    0.167037E+04    0.118651E+02    0.517250E+00
   0.212495E+03    0.258058E+04   -0.278283E+04   -0.202253E+03    0.199118E+01    0.121765E+01    0.167065E+04    0.118658E+02    0.517163E+00
   0.212995E+03    0.253855E+04   -0.275824E+04   -0.219699E+03    0.195875E+01    0.143612E+01    0.167089E+04    0.118663E+02    0.517090E+00
   0.213495E+03    0.258591E+04   -0.281311E+04   -0.227207E+03    0.199530E+01    0.114208E+01    0.167114E+04    0.118669E+02    0.517012E+00
   0.213995E+03    0.259066E+04   -0.280866E+04   -0.217999E+03    0.199897E+01    0.109550E+01    0.167140E+04    0.118675E+02    0.516933E+00
   0.214495E+03    0.258935E+04   -0.280062E+04   -0.211266E+03    0.199796E+01    0.113607E+01    0.167165E+04    0.118681E+02    0.516854E+00
   0.214995E+03    0.262442E+04   -0.284564E+04   -0.221225E+03    0.202501E+01    0.108773E+01    0.167181E+04    0.118685E+02    0.516806E+00
   0.215495E+03    0.257486E+04   -0.280248E+04   -0.227613E+03    0.198678E+01    0.115302E+01    0.167198E+04    0.118689E+02    0.516752E+00
   0.215995E+03    0.255615E+04   -0.279715E+04   -0.240998E+03    0.197234E+01    0.121287E+01    0.167213E+04    0.118693E+02    0.516706E+00
   0.216495E+03    0.260630E+04   -0.283877E+04   -0.232467E+03    0.201104E+01    0.110965E+01    0.167237E+04    0.118698E+02    0.516631E+00
   0.216995E+03    0.258039E+04   -0.280538E+04   -0.224992E+03    0.199104E+01    0.107587E+01    0.167259E+04    0.118703E+02    0.516564E+00
   0.217495E+03    0.259365E+04   -0.281157E+04   -0.217920E+03    0.200127E+01    0.120336E+01    0.167287E+04    0.118710E+02    0.516479E+00
   0.217995E+03    0.263259E+04   -0.284462E+04   -0.212037E+03    0.203132E+01    0.994213E+00    0.167316E+04    0.118717E+02    0.516388E+00
   0.218495E+03    0.262034E+04   -0.284118E+04   -0.220842E+03    0.202187E+01    0.115786E+01    0.167351E+04    0.118725E+02    0.516281E+00
   0.218995E+03    0.261917E+04   -0.284157E+04   -0.222402E+03    0.202096E+01    0.105964E+01    0.167391E+04    0.118735E+02    0.516157E+00
   0.219495E+03    0.263792E+04   -0.286517E+04   -0.227250E+03    0.203543E+01    0.963307E+00    0.167403E+04    0.118737E+02    0.516120E+00
   0.219995E+03    0.254804E+04   -0.275968E+04   -0.211632E+03    0.196608E+01    0.118010E+01    0.167426E+04    0.118743E+02    0.516050E+00
   0.220495E+03    0.260136E+04   -0.280466E+04   -0.203304E+03    0.200722E+01    0.111270E+01    0.167452E+04    0.118749E+02    0.515968E+00
   0.220995E+03    0.258789E+04   -0.278994E+04   -0.202046E+03    0.199683E+01    0.115960E+01    0.167480E+04    0.118756E+02    0.515882E+00
   0.221495E+03    0.259928E+04   -0.280067E+04   -0.201392E+03    0.200562E+01    0.115071E+01    0.167507E+04    0.118762E+02    0.515799E+00
   0.221995E+03    0.259886E+04   -0.280001E+04   -0.201149E+03    0.200530E+01    0.117511E+01    0.167534E+04    0.118768E+02    0.515716E+00
   0.222495E+03    0.259683E+04   -0.281201E+04   -0.215185E+03    0.200372E+01    0.110872E+01    0.167552E+04    0.118773E+02    0.515660E+00
   0.222995E+03    0.261023E+04   -0.282949E+04   -0.219261E+03    0.201407E+01    0.109842E+01    0.167567E+04    0.118776E+02    0.515613E+00
   0.223495E+03    0.257635E+04   -0.278888E+04   -0.212531E+03    0.198792E+01    0.126473E+01    0.167593E+04    0.118782E+02    0.515535E+00
   0.223995E+03    0.263435E+04   -0.285942E+04   -0.225069E+03    0.203267E+01    0.102891E+01    0.167619E+04    0.118788E+02    0.515456E+00
   0.224495E+03    0.256143E+04   -0.278300E+04   -0.221572E+03    0.197641E+01    0.118840E+01    0.167647E+04    0.118795E+02    0.515369E+00
   0.224995E+03    0.260974E+04   -0.282030E+04   -0.210558E+03    0.201369E+01    0.111462E+01    0.167675E+04    0.118802E+02    0.515282E+00
   0.225495E+03    0.255764E+04   -0.277172E+04   -0.214076E+03    0.197349E+01    0.137903E+01    0.167697E+04    0.118807E+02    0.515214E+00
   0.225995E+03    0.259741E+04   -0.280164E+04   -0.204238E+03    0.200417E+01    0.105197E+01    0.167726E+04    0.118814E+02    0.515127E+00
   0.226495E+03    0.251662E+04   -0.271732E+04   -0.200694E+03    0.194184E+01    0.144921E+01    0.167743E+04    0.118818E+02    0.515072E+00
   0.226995E+03    0.257274E+04   -0.278133E+04   -0.208590E+03    0.198514E+01    0.123804E+01    0.167771E+04    0.118824E+02    0.514987E+00
   0.227495E+03    0.259647E+04   -0.281339E+04   -0.216916E+03    0.200345E+01    0.116722E+01    0.167789E+04    0.118829E+02    0.514932E+00
   0.227995E+03    0.256759E+04   -0.277541E+04   -0.207811E+03    0.198117E+01    0.128500E+01    0.167835E+04    0.118840E+02    0.514790E+00
   0.228495E+03    0.262973E+04   -0.283909E+04   -0.209357E+03    0.202911E+01    0.101170E+01    0.167861E+04    0.118846E+02    0.514713E+00
   0.228995E+03    0.259226E+04   -0.279522E+04   -0.202963E+03    0.200020E+01    0.120340E+01    0.167898E+04    0.118854E+02    0.514600E+00
   0.229495E+03    0.252743E+04   -0.272969E+04   -0.202260E+03    0.195018E+01    0.133737E+01    0.167920E+04    0.118859E+02    0.514532E+00
   0.229995E+03    0.258295E+04   -0.277857E+04   -0.195622E+03    0.199302E+01    0.117255E+01    0.167952E+04    0.118867E+02    0.514434E+00
   0.230495E+03    0.261859E+04   -0.282095E+04   -0.202365E+03    0.202052E+01    0.106135E+01    0.167976E+04    0.118873E+02    0.514360E+00
   0.230995E+03    0.260975E+04   -0.281087E+04   -0.201114E+03    0.201370E+01    0.113642E+01    0.167999E+04    0.118878E+02    0.514288E+00
   0.231495E+03    0.258348E+04   -0.278888E+04   -0.205402E+03    0.199343E+01    0.112501E+01    0.168024E+04    0.118884E+02    0.514214E+00
   0.231995E+03    0.260437E+04   -0.280345E+04   -0.199086E+03    0.200954E+01    0.112165E+01    0.168052E+04    0.118891E+02    0.514128E+00
   0.232495E+03    0.261116E+04   -0.281192E+04   -0.200758E+03    0.201478E+01    0.109284E+01    0.168073E+04    0.118896E+02    0.514062E+00
   0.232995E+03    0.258927E+04   -0.279591E+04   -0.206641E+03    0.199789E+01    0.111233E+01    0.168086E+04    0.118899E+02    0.514023E+00
   0.233495E+03    0.255884E+04   -0.277747E+04   -0.218634E+03    0.197441E+01    0.126887E+01    0.168104E+04    0.118903E+02    0.513969E+00
   0.233995E+03    0.252791E+04   -0.273057E+04   -0.202656E+03    0.195055E+01    0.134926E+01    0.168129E+04    0.118909E+02    0.513890E+00
   0.234495E+03    0.259285E+04   -0.279425E+04   -0.201407E+03    0.200065E+01    0.121098E+01    0.168147E+04    0.118913E+02    0.513836E+00
   0.234995E+03    0.259818E+04   -0.281163E+04   -0.213441E+03    0.200477E+01    0.113531E+01    0.168167E+04    0.118918E+02    0.513774E+00
   0.235495E+03    0.259586E+04   -0.281061E+04   -0.214758E+03    0.200298E+01    0.108521E+01    0.168174E+04    0.118920E+02    0.513752E+00
   0.235995E+03    0.258512E+04   -0.277510E+04   -0.189980E+03    0.199469E+01    0.113010E+01    0.168196E+04    0.118925E+02    0.513686E+00
   0.236495E+03    0.255526E+04   -0.275518E+04   -0.199921E+03    0.197165E+01    0.131504E+01    0.168216E+04    0.118929E+02    0.513627E+00
   0.236995E+03    0.257822E+04   -0.277886E+04   -0.200635E+03    0.198937E+01    0.120913E+01    0.168244E+04    0.118936E+02    0.513540E+00
   0.237495E+03    0.257694E+04   -0.277333E+04   -0.196388E+03    0.198838E+01    0.135175E+01    0.168282E+04    0.118945E+02    0.513423E+00
   0.237995E+03    0.259834E+04   -0.279469E+04   -0.196349E+03    0.200489E+01    0.112891E+01    0.168317E+04    0.118953E+02    0.513317E+00
   0.238495E+03    0.254638E+04   -0.273317E+04   -0.186792E+03    0.196480E+01    0.126690E+01    0.168341E+04    0.118959E+02    0.513243E+00
   0.238995E+03    0.260947E+04   -0.281081E+04   -0.201341E+03    0.201348E+01    0.110067E+01    0.168357E+04    0.118963E+02    0.513196E+00
   0.239495E+03    0.261296E+04   -0.280680E+04   -0.193846E+03    0.201617E+01    0.108189E+01    0.168400E+04    0.118973E+02    0.513064E+00
   0.239995E+03    0.257684E+04   -0.277070E+04   -0.193861E+03    0.198830E+01    0.110150E+01    0.168408E+04    0.118975E+02    0.513040E+00
   0.240495E+03    0.258720E+04   -0.277102E+04   -0.183819E+03    0.199630E+01    0.113033E+01    0.168437E+04    0.118981E+02    0.512951E+00
   0.240995E+03    0.257518E+04   -0.275457E+04   -0.179388E+03    0.198702E+01    0.114858E+01    0.168461E+04    0.118987E+02    0.512879E+00
   0.241495E+03    0.256302E+04   -0.274847E+04   -0.185445E+03    0.197764E+01    0.124359E+01    0.168490E+04    0.118994E+02    0.512790E+00
   0.241995E+03    0.259179E+04   -0.278089E+04   -0.189101E+03    0.199984E+01    0.113812E+01    0.168497E+04    0.118996E+02    0.512768E+00
   0.242495E+03    0.256117E+04   -0.275477E+04   -0.193604E+03    0.197621E+01    0.124782E+01    0.168516E+04    0.119000E+02    0.512711E+00
   0.242995E+03    0.258200E+04   -0.277432E+04   -0.192314E+03    0.199229E+01    0.107316E+01    0.168539E+04    0.119005E+02    0.512641E+00
   0.243495E+03    0.255486E+04   -0.274184E+04   -0.186988E+03    0.197134E+01    0.129352E+01    0.168563E+04    0.119011E+02    0.512569E+00
   0.243995E+03    0.261583E+04   -0.281749E+04   -0.201654E+03    0.201839E+01    0.111169E+01    0.168583E+04    0.119016E+02    0.512506E+00
   0.244495E+03    0.262873E+04   -0.283196E+04   -0.203231E+03    0.202834E+01    0.931466E+00    0.168619E+04    0.119024E+02    0.512399E+00
   0.244995E+03    0.258936E+04   -0.278645E+04   -0.197091E+03    0.199796E+01    0.111378E+01    0.168630E+04    0.119027E+02    0.512366E+00
   0.245495E+03    0.263107E+04   -0.281565E+04   -0.184578E+03    0.203015E+01    0.109189E+01    0.168659E+04    0.119034E+02    0.512275E+00
   0.245995E+03    0.262385E+04   -0.282384E+04   -0.199994E+03    0.202457E+01    0.112527E+01    0.168685E+04    0.119040E+02    0.512197E+00
   0.246495E+03    0.256831E+04   -0.276718E+04   -0.198866E+03    0.198172E+01    0.117571E+01    0.168723E+04    0.119049E+02    0.512081E+00
   0.246995E+03    0.257490E+04   -0.276719E+04   -0.192286E+03    0.198681E+01    0.120578E+01    0.168746E+04    0.119054E+02    0.512012E+00
   0.247495E+03    0.263935E+04   -0.282748E+04   -0.188129E+03    0.203653E+01    0.101759E+01    0.168778E+04    0.119062E+02    0.511916E+00
   0.247995E+03    0.259639E+04   -0.279526E+04   -0.198870E+03    0.200338E+01    0.121423E+01    0.168800E+04    0.119067E+02    0.511847E+00
   0.248495E+03    0.258780E+04   -0.278755E+04   -0.199752E+03    0.199676E+01    0.106570E+01    0.168822E+04    0.119072E+02    0.511781E+00
   0.248995E+03    0.260924E+04   -0.280176E+04   -0.192522E+03    0.201330E+01    0.105112E+01    0.168839E+04    0.119076E+02    0.511730E+00
   0.249495E+03    0.259762E+04   -0.278164E+04   -0.184018E+03    0.200433E+01    0.108817E+01    0.168860E+04    0.119081E+02    0.511666E+00
   0.249995E+03    0.262139E+04   -0.280668E+04   -0.185286E+03    0.202268E+01    0.111562E+01    0.168887E+04    0.119087E+02    0.511584E+00
   0.250495E+03    0.257410E+04   -0.276076E+04   -0.186657E+03    0.198619E+01    0.119902E+01    0.168910E+04    0.119093E+02    0.511514E+00
   0.250995E+03    0.261787E+04   -0.280503E+04   -0.187163E+03    0.201996E+01    0.106473E+01    0.168939E+04    0.119100E+02    0.511427E+00
   0.251495E+03    0.258483E+04   -0.276188E+04   -0.177043E+03    0.199447E+01    0.125184E+01    0.168974E+04    0.119108E+02    0.511321E+00
   0.251995E+03    0.260745E+04   -0.278696E+04   -0.179517E+03    0.201192E+01    0.109115E+01    0.168991E+04    0.119112E+02    0.511269E+00
   0.252495E+03    0.259687E+04   -0.278236E+04   -0.185491E+03    0.200376E+01    0.108564E+01    0.169010E+04    0.119116E+02    0.511213E+00
   0.252995E+03    0.258711E+04   -0.277160E+04   -0.184495E+03    0.199622E+01    0.115128E+01    0.169026E+04    0.119120E+02    0.511163E+00
   0.253495E+03    0.257827E+04   -0.275868E+04   -0.180416E+03    0.198940E+01    0.133734E+01    0.169072E+04    0.119131E+02    0.511025E+00
   0.253995E+03    0.257753E+04   -0.275539E+04   -0.177860E+03    0.198883E+01    0.119827E+01    0.169103E+04    0.119138E+02    0.510932E+00
   0.254495E+03    0.259467E+04   -0.278712E+04   -0.192452E+03    0.200206E+01    0.112944E+01    0.169130E+04    0.119144E+02    0.510849E+00
   0.254995E+03    0.260836E+04   -0.280105E+04   -0.192684E+03    0.201263E+01    0.105222E+01    0.169149E+04    0.119149E+02    0.510793E+00
   0.255495E+03    0.260045E+04   -0.279795E+04   -0.197506E+03    0.200652E+01    0.111447E+01    0.169171E+04    0.119154E+02    0.510725E+00
   0.255995E+03    0.260821E+04   -0.280828E+04   -0.200075E+03    0.201251E+01    0.108456E+01    0.169183E+04    0.119157E+02    0.510691E+00
   0.256495E+03    0.266553E+04   -0.285819E+04   -0.192664E+03    0.205673E+01    0.834653E+00    0.169198E+04    0.119160E+02    0.510643E+00
   0.256995E+03    0.260189E+04   -0.279290E+04   -0.191005E+03    0.200764E+01    0.105845E+01    0.169211E+04    0.119163E+02    0.510604E+00
   0.257495E+03    0.255046E+04   -0.274146E+04   -0.190999E+03    0.196795E+01    0.126393E+01    0.169232E+04    0.119168E+02    0.510542E+00
   0.257995E+03    0.263951E+04   -0.283359E+04   -0.194085E+03    0.203666E+01    0.992311E+00    0.169252E+04    0.119173E+02    0.510481E+00
   0.258495E+03    0.257069E+04   -0.276175E+04   -0.191059E+03    0.198356E+01    0.104872E+01    0.169267E+04    0.119176E+02    0.510437E+00
   0.258995E+03    0.253856E+04   -0.271705E+04   -0.178492E+03    0.195877E+01    0.120505E+01    0.169287E+04    0.119181E+02    0.510376E+00
   0.259495E+03    0.261450E+04   -0.279006E+04   -0.175560E+03    0.201736E+01    0.103352E+01    0.169299E+04    0.119184E+02    0.510341E+00
   0.259995E+03    0.256580E+04   -0.274807E+04   -0.182270E+03    0.197978E+01    0.119730E+01    0.169318E+04    0.119189E+02    0.510282E+00
   0.260495E+03    0.261315E+04   -0.279197E+04   -0.178815E+03    0.201632E+01    0.114084E+01    0.169339E+04    0.119193E+02    0.510220E+00
   0.260995E+03    0.259678E+04   -0.279307E+04   -0.196293E+03    0.200369E+01    0.119642E+01    0.169366E+04    0.119200E+02    0.510137E+00
   0.261495E+03    0.257682E+04   -0.278731E+04   -0.210487E+03    0.198829E+01    0.108000E+01    0.169383E+04    0.119204E+02    0.510088E+00
   0.261995E+03    0.260925E+04   -0.281325E+04   -0.203999E+03    0.201331E+01    0.940490E+00    0.169402E+04    0.119208E+02    0.510030E+00
   0.262495E+03    0.260058E+04   -0.279212E+04   -0.191531E+03    0.200662E+01    0.106787E+01    0.169423E+04    0.119213E+02    0.509966E+00
   0.262995E+03    0.259143E+04   -0.278246E+04   -0.191033E+03    0.199956E+01    0.100686E+01    0.169426E+04    0.119214E+02    0.509956E+00
   0.263495E+03    0.261142E+04   -0.279444E+04   -0.183022E+03    0.201498E+01    0.103704E+01    0.169441E+04    0.119217E+02    0.509913E+00
   0.263995E+03    0.262499E+04   -0.280790E+04   -0.182910E+03    0.202545E+01    0.109648E+01    0.169467E+04    0.119224E+02    0.509832E+00
   0.264495E+03    0.261348E+04   -0.280729E+04   -0.193817E+03    0.201657E+01    0.106743E+01    0.169498E+04    0.119231E+02    0.509741E+00
   0.264995E+03    0.266355E+04   -0.285137E+04   -0.187817E+03    0.205521E+01    0.860050E+00    0.169520E+04    0.119236E+02    0.509673E+00
   0.265495E+03    0.261737E+04   -0.280232E+04   -0.184950E+03    0.201957E+01    0.104009E+01    0.169547E+04    0.119242E+02    0.509594E+00
   0.265995E+03    0.263116E+04   -0.281093E+04   -0.179774E+03    0.203022E+01    0.111365E+01    0.169568E+04    0.119247E+02    0.509530E+00
   0.266495E+03    0.257598E+04   -0.275130E+04   -0.175320E+03    0.198764E+01    0.126456E+01    0.169597E+04    0.119254E+02    0.509442E+00
   0.266995E+03    0.261128E+04   -0.280714E+04   -0.195852E+03    0.201488E+01    0.104339E+01    0.169625E+04    0.119260E+02    0.509360E+00
   0.267495E+03    0.259512E+04   -0.278154E+04   -0.186414E+03    0.200241E+01    0.107142E+01    0.169639E+04    0.119264E+02    0.509317E+00
   0.267995E+03    0.259008E+04   -0.277090E+04   -0.180827E+03    0.199852E+01    0.105032E+01    0.169656E+04    0.119268E+02    0.509265E+00
   0.268495E+03    0.256786E+04   -0.275708E+04   -0.189221E+03    0.198137E+01    0.122545E+01    0.169670E+04    0.119271E+02    0.509223E+00
   0.268995E+03    0.260912E+04   -0.280695E+04   -0.197826E+03    0.201321E+01    0.105281E+01    0.169685E+04    0.119275E+02    0.509178E+00
   0.269495E+03    0.256562E+04   -0.274345E+04   -0.177831E+03    0.197965E+01    0.117601E+01    0.169721E+04    0.119283E+02    0.509072E+00
   0.269995E+03    0.258867E+04   -0.276112E+04   -0.172456E+03    0.199743E+01    0.110841E+01    0.169738E+04    0.119287E+02    0.509021E+00
   0.270495E+03    0.256932E+04   -0.275304E+04   -0.183716E+03    0.198250E+01    0.120011E+01    0.169756E+04    0.119291E+02    0.508967E+00
   0.270995E+03    0.260041E+04   -0.277563E+04   -0.175220E+03    0.200649E+01    0.118908E+01    0.169789E+04    0.119299E+02    0.508867E+00
   0.271495E+03    0.257364E+04   -0.275275E+04   -0.179114E+03    0.198583E+01    0.115284E+01    0.169813E+04    0.119305E+02    0.508794E+00
   0.271995E+03    0.255720E+04   -0.272984E+04   -0.172642E+03    0.197315E+01    0.118133E+01    0.169836E+04    0.119310E+02    0.508727E+00
   0.272495E+03    0.254223E+04   -0.270924E+04   -0.167009E+03    0.196160E+01    0.126551E+01    0.169863E+04    0.119316E+02    0.508644E+00
   0.272995E+03    0.261141E+04   -0.277116E+04   -0.159750E+03    0.201498E+01    0.111285E+01    0.169891E+04    0.119323E+02    0.508561E+00
   0.273495E+03    0.255217E+04   -0.271366E+04   -0.161488E+03    0.196927E+01    0.122067E+01    0.169907E+04    0.119327E+02    0.508514E+00
   0.273995E+03    0.259296E+04   -0.274873E+04   -0.155773E+03    0.200074E+01    0.117661E+01    0.169938E+04    0.119334E+02    0.508421E+00
   0.274495E+03    0.258033E+04   -0.274360E+04   -0.163274E+03    0.199099E+01    0.110232E+01    0.169950E+04    0.119337E+02    0.508385E+00
   0.274995E+03    0.259170E+04   -0.275312E+04   -0.161419E+03    0.199977E+01    0.105925E+01    0.169966E+04    0.119340E+02    0.508338E+00
   0.275495E+03    0.256618E+04   -0.272783E+04   -0.161651E+03    0.198007E+01    0.114302E+01    0.169983E+04    0.119344E+02    0.508285E+00
   0.275995E+03    0.256039E+04   -0.272332E+04   -0.162921E+03    0.197561E+01    0.121618E+01    0.169995E+04    0.119347E+02    0.508250E+00
   0.276495E+03    0.261013E+04   -0.277441E+04   -0.164283E+03    0.201399E+01    0.102465E+01    0.170015E+04    0.119352E+02    0.508192E+00
   0.276995E+03    0.261170E+04   -0.278685E+04   -0.175154E+03    0.201520E+01    0.107589E+01    0.170021E+04    0.119353E+02    0.508173E+00
   0.277495E+03    0.261279E+04   -0.278722E+04   -0.174433E+03    0.201604E+01    0.109372E+01    0.170044E+04    0.119359E+02    0.508103E+00
   0.277995E+03    0.259958E+04   -0.278946E+04   -0.189875E+03    0.200585E+01    0.931378E+00    0.170049E+04    0.119360E+02    0.508089E+00
   0.278495E+03    0.263741E+04   -0.281370E+04   -0.176286E+03    0.203504E+01    0.998777E+00    0.170069E+04    0.119364E+02    0.508029E+00
   0.278995E+03    0.263111E+04   -0.280616E+04   -0.175043E+03    0.203018E+01    0.997170E+00    0.170094E+04    0.119370E+02    0.507955E+00
   0.279495E+03    0.260696E+04   -0.277834E+04   -0.171375E+03    0.201155E+01    0.111142E+01    0.170116E+04    0.119375E+02    0.507890E+00
   0.279995E+03    0.261053E+04   -0.279425E+04   -0.183715E+03    0.201430E+01    0.105163E+01    0.170134E+04    0.119380E+02    0.507835E+00
   0.280495E+03    0.260012E+04   -0.278404E+04   -0.183921E+03    0.200627E+01    0.102991E+01    0.170150E+04    0.119383E+02    0.507788E+00
   0.280995E+03    0.259262E+04   -0.277097E+04   -0.178343E+03    0.200048E+01    0.101440E+01    0.170150E+04    0.119383E+02    0.507786E+00
   0.281495E+03    0.260624E+04   -0.277589E+04   -0.169645E+03    0.201099E+01    0.104081E+01    0.170166E+04    0.119387E+02    0.507739E+00
   0.281995E+03    0.253560E+04   -0.269704E+04   -0.161449E+03    0.195648E+01    0.126456E+01    0.170178E+04    0.119390E+02    0.507703E+00
   0.282495E+03    0.258575E+04   -0.275250E+04   -0.166748E+03    0.199518E+01    0.119683E+01    0.170194E+04    0.119394E+02    0.507657E+00
   0.282995E+03    0.257802E+04   -0.274424E+04   -0.166216E+03    0.198921E+01    0.117763E+01    0.170218E+04    0.119399E+02    0.507585E+00
   0.283495E+03    0.259510E+04   -0.276944E+04   -0.174338E+03    0.200239E+01    0.112726E+01    0.170239E+04    0.119404E+02    0.507523E+00
   0.283995E+03    0.257194E+04   -0.275909E+04   -0.187142E+03    0.198452E+01    0.118756E+01    0.170257E+04    0.119408E+02    0.507468E+00
   0.284495E+03    0.262472E+04   -0.279924E+04   -0.174512E+03    0.202525E+01    0.994958E+00    0.170271E+04    0.119412E+02    0.507427E+00
   0.284995E+03    0.261062E+04   -0.278674E+04   -0.176116E+03    0.201437E+01    0.101629E+01    0.170291E+04    0.119416E+02    0.507367E+00
   0.285495E+03    0.254121E+04   -0.270060E+04   -0.159388E+03    0.196081E+01    0.118617E+01    0.170309E+04    0.119421E+02    0.507314E+00
   0.285995E+03    0.255255E+04   -0.271251E+04   -0.159962E+03    0.196956E+01    0.124195E+01    0.170328E+04    0.119425E+02    0.507257E+00
   0.286495E+03    0.257263E+04   -0.271973E+04   -0.147104E+03    0.198505E+01    0.125279E+01    0.170359E+04    0.119432E+02    0.507165E+00
   0.286995E+03    0.256856E+04   -0.272321E+04   -0.154646E+03    0.198192E+01    0.121648E+01    0.170378E+04    0.119437E+02    0.507109E+00
   0.287495E+03    0.254973E+04   -0.271279E+04   -0.163064E+03    0.196738E+01    0.134552E+01    0.170402E+04    0.119442E+02    0.507036E+00
   0.287995E+03    0.258224E+04   -0.274258E+04   -0.160347E+03    0.199247E+01    0.111928E+01    0.170428E+04    0.119448E+02    0.506959E+00
   0.288495E+03    0.262774E+04   -0.278582E+04   -0.158079E+03    0.202758E+01    0.953004E+00    0.170437E+04    0.119450E+02    0.506933E+00
   0.288995E+03    0.261209E+04   -0.278158E+04   -0.169486E+03    0.201550E+01    0.113637E+01    0.170455E+04    0.119455E+02    0.506880E+00
   0.289495E+03    0.255992E+04   -0.272313E+04   -0.163204E+03    0.197525E+01    0.110277E+01    0.170470E+04    0.119458E+02    0.506833E+00
   0.289995E+03    0.262014E+04   -0.277064E+04   -0.150501E+03    0.202171E+01    0.107254E+01    0.170494E+04    0.119464E+02    0.506762E+00
   0.290495E+03    0.263213E+04   -0.279288E+04   -0.160746E+03    0.203097E+01    0.937709E+00    0.170511E+04    0.119468E+02    0.506713E+00
   0.290995E+03    0.262134E+04   -0.279461E+04   -0.173274E+03    0.202264E+01    0.944774E+00    0.170511E+04    0.119468E+02    0.506711E+00
   0.291495E+03    0.264389E+04   -0.281258E+04   -0.168688E+03    0.204004E+01    0.908287E+00    0.170531E+04    0.119473E+02    0.506652E+00
   0.291995E+03    0.256427E+04   -0.273248E+04   -0.168209E+03    0.197861E+01    0.131298E+01    0.170559E+04    0.119479E+02    0.506569E+00
   0.292495E+03    0.260804E+04   -0.278623E+04   -0.178199E+03    0.201237E+01    0.106268E+01    0.170574E+04    0.119482E+02    0.506525E+00
   0.292995E+03    0.258050E+04   -0.276082E+04   -0.180324E+03    0.199113E+01    0.115210E+01    0.170596E+04    0.119488E+02    0.506460E+00
   0.293495E+03    0.254011E+04   -0.272223E+04   -0.182119E+03    0.195996E+01    0.122597E+01    0.170612E+04    0.119491E+02    0.506411E+00
   0.293995E+03    0.257050E+04   -0.273832E+04   -0.167818E+03    0.198341E+01    0.109553E+01    0.170627E+04    0.119495E+02    0.506367E+00
   0.294495E+03    0.263964E+04   -0.280853E+04   -0.168892E+03    0.203676E+01    0.963753E+00    0.170649E+04    0.119500E+02    0.506302E+00
   0.294995E+03    0.255855E+04   -0.272717E+04   -0.168627E+03    0.197419E+01    0.114215E+01    0.170661E+04    0.119503E+02    0.506266E+00
   0.295495E+03    0.255958E+04   -0.273415E+04   -0.174565E+03    0.197499E+01    0.120058E+01    0.170666E+04    0.119504E+02    0.506253E+00
   0.295995E+03    0.261147E+04   -0.279325E+04   -0.181775E+03    0.201503E+01    0.104132E+01    0.170675E+04    0.119506E+02    0.506227E+00
   0.296495E+03    0.255864E+04   -0.273967E+04   -0.181039E+03    0.197426E+01    0.119415E+01    0.170693E+04    0.119510E+02    0.506172E+00
   0.296995E+03    0.255690E+04   -0.274211E+04   -0.185212E+03    0.197292E+01    0.106590E+01    0.170697E+04    0.119511E+02    0.506161E+00
   0.297495E+03    0.257499E+04   -0.274455E+04   -0.169562E+03    0.198687E+01    0.113886E+01    0.170715E+04    0.119515E+02    0.506107E+00
   0.297995E+03    0.259306E+04   -0.277558E+04   -0.182514E+03    0.200082E+01    0.111447E+01    0.170734E+04    0.119520E+02    0.506049E+00
   0.298495E+03    0.255317E+04   -0.273565E+04   -0.182484E+03    0.197004E+01    0.105709E+01    0.170731E+04    0.119519E+02    0.506059E+00
   0.298995E+03    0.258108E+04   -0.272894E+04   -0.147855E+03    0.199157E+01    0.117507E+01    0.170755E+04    0.119525E+02    0.505988E+00
   0.299495E+03    0.262113E+04   -0.277992E+04   -0.158796E+03    0.202247E+01    0.104750E+01    0.170787E+04    0.119532E+02    0.505894E+00
   0.299995E+03    0.261200E+04   -0.277560E+04   -0.163592E+03    0.201544E+01    0.109424E+01    0.170814E+04    0.119538E+02    0.505814E+00
