# numero de partículas   :  864
# densidad               : 0.3000
# temperatura inicial    : 2.0000
# volumen                : 0.288E+04
# rcut                   : 2.5000
# paso temporal          : 0.0050
# pasos de equilibración :  10000
# pasos de medición      :  50000
# t, Ekin, Epot, Etot, Temp, Pres, Vol, L, rho
   0.495000E+00    0.288926E+04   -0.160596E+04    0.128330E+04    0.222937E+01    0.553389E+00    0.286265E+04    0.141989E+02    0.301819E+00
   0.995000E+00    0.269110E+04   -0.159287E+04    0.109824E+04    0.207647E+01    0.589439E+00    0.285102E+04    0.141797E+02    0.303049E+00
   0.149500E+01    0.265419E+04   -0.165023E+04    0.100396E+04    0.204799E+01    0.566304E+00    0.283800E+04    0.141581E+02    0.304439E+00
   0.199500E+01    0.260144E+04   -0.165831E+04    0.943133E+03    0.200728E+01    0.529648E+00    0.282439E+04    0.141354E+02    0.305906E+00
   0.249500E+01    0.261224E+04   -0.168461E+04    0.927624E+03    0.201562E+01    0.498230E+00    0.281133E+04    0.141136E+02    0.307328E+00
   0.299500E+01    0.260801E+04   -0.168496E+04    0.923043E+03    0.201235E+01    0.509466E+00    0.279862E+04    0.140923E+02    0.308724E+00
   0.349500E+01    0.261192E+04   -0.169745E+04    0.914465E+03    0.201537E+01    0.530588E+00    0.278447E+04    0.140685E+02    0.310292E+00
   0.399500E+01    0.256687E+04   -0.167617E+04    0.890700E+03    0.198061E+01    0.590431E+00    0.277170E+04    0.140470E+02    0.311722E+00
   0.449500E+01    0.258301E+04   -0.169748E+04    0.885528E+03    0.199306E+01    0.562721E+00    0.275764E+04    0.140232E+02    0.313312E+00
   0.499500E+01    0.257720E+04   -0.170288E+04    0.874322E+03    0.198858E+01    0.642154E+00    0.274464E+04    0.140011E+02    0.314795E+00
   0.549500E+01    0.260443E+04   -0.173629E+04    0.868149E+03    0.200959E+01    0.465173E+00    0.273187E+04    0.139793E+02    0.316266E+00
   0.599500E+01    0.261421E+04   -0.175488E+04    0.859333E+03    0.201714E+01    0.500677E+00    0.271867E+04    0.139568E+02    0.317802E+00
   0.649500E+01    0.262456E+04   -0.177360E+04    0.850956E+03    0.202512E+01    0.467887E+00    0.270607E+04    0.139352E+02    0.319283E+00
   0.699500E+01    0.258143E+04   -0.174401E+04    0.837422E+03    0.199184E+01    0.500389E+00    0.269227E+04    0.139115E+02    0.320918E+00
   0.749500E+01    0.263381E+04   -0.180662E+04    0.827196E+03    0.203226E+01    0.480375E+00    0.267910E+04    0.138887E+02    0.322496E+00
   0.799500E+01    0.256879E+04   -0.176180E+04    0.806986E+03    0.198209E+01    0.617443E+00    0.266690E+04    0.138676E+02    0.323971E+00
   0.849500E+01    0.258339E+04   -0.177382E+04    0.809571E+03    0.199336E+01    0.504759E+00    0.265480E+04    0.138466E+02    0.325448E+00
   0.899500E+01    0.259296E+04   -0.178358E+04    0.809381E+03    0.200074E+01    0.511981E+00    0.264171E+04    0.138238E+02    0.327061E+00
   0.949500E+01    0.260520E+04   -0.179436E+04    0.810834E+03    0.201018E+01    0.523370E+00    0.262915E+04    0.138019E+02    0.328623E+00
   0.999500E+01    0.259134E+04   -0.179898E+04    0.792357E+03    0.199949E+01    0.536335E+00    0.261761E+04    0.137817E+02    0.330072E+00
   0.104950E+02    0.260681E+04   -0.182295E+04    0.783860E+03    0.201143E+01    0.591718E+00    0.260569E+04    0.137607E+02    0.331582E+00
   0.109950E+02    0.258171E+04   -0.180804E+04    0.773677E+03    0.199206E+01    0.519022E+00    0.259468E+04    0.137413E+02    0.332989E+00
   0.114950E+02    0.256268E+04   -0.178233E+04    0.780351E+03    0.197738E+01    0.661360E+00    0.258380E+04    0.137221E+02    0.334391E+00
   0.119950E+02    0.264873E+04   -0.187092E+04    0.777811E+03    0.204378E+01    0.478062E+00    0.257264E+04    0.137023E+02    0.335842E+00
   0.124950E+02    0.257827E+04   -0.183170E+04    0.746565E+03    0.198940E+01    0.536614E+00    0.256034E+04    0.136804E+02    0.337455E+00
   0.129950E+02    0.262565E+04   -0.188555E+04    0.740099E+03    0.202596E+01    0.505316E+00    0.254837E+04    0.136591E+02    0.339040E+00
   0.134950E+02    0.264082E+04   -0.191125E+04    0.729571E+03    0.203767E+01    0.498744E+00    0.253742E+04    0.136395E+02    0.340503E+00
   0.139950E+02    0.260195E+04   -0.188303E+04    0.718920E+03    0.200768E+01    0.586904E+00    0.252657E+04    0.136200E+02    0.341965E+00
   0.144950E+02    0.261977E+04   -0.192052E+04    0.699246E+03    0.202143E+01    0.575729E+00    0.251566E+04    0.136004E+02    0.343449E+00
   0.149950E+02    0.262307E+04   -0.194339E+04    0.679682E+03    0.202398E+01    0.480366E+00    0.250513E+04    0.135814E+02    0.344892E+00
   0.154950E+02    0.259202E+04   -0.190875E+04    0.683271E+03    0.200002E+01    0.537949E+00    0.249320E+04    0.135598E+02    0.346543E+00
   0.159950E+02    0.261152E+04   -0.194035E+04    0.671173E+03    0.201506E+01    0.604968E+00    0.248289E+04    0.135410E+02    0.347982E+00
   0.164950E+02    0.257855E+04   -0.192042E+04    0.658130E+03    0.198962E+01    0.697998E+00    0.247336E+04    0.135237E+02    0.349323E+00
   0.169950E+02    0.256832E+04   -0.191006E+04    0.658254E+03    0.198173E+01    0.691478E+00    0.246384E+04    0.135063E+02    0.350673E+00
   0.174950E+02    0.257211E+04   -0.191519E+04    0.656917E+03    0.198465E+01    0.676293E+00    0.245442E+04    0.134891E+02    0.352018E+00
   0.179950E+02    0.260620E+04   -0.195863E+04    0.647570E+03    0.201096E+01    0.629836E+00    0.244507E+04    0.134719E+02    0.353365E+00
   0.184950E+02    0.257866E+04   -0.193416E+04    0.644493E+03    0.198970E+01    0.623547E+00    0.243580E+04    0.134549E+02    0.354709E+00
   0.189950E+02    0.260129E+04   -0.195719E+04    0.644097E+03    0.200717E+01    0.640243E+00    0.242585E+04    0.134366E+02    0.356164E+00
   0.194950E+02    0.259100E+04   -0.195046E+04    0.640540E+03    0.199923E+01    0.578432E+00    0.241743E+04    0.134210E+02    0.357404E+00
   0.199950E+02    0.259685E+04   -0.196691E+04    0.629945E+03    0.200374E+01    0.649042E+00    0.240720E+04    0.134020E+02    0.358923E+00
   0.204950E+02    0.255960E+04   -0.195847E+04    0.601123E+03    0.197500E+01    0.766946E+00    0.239860E+04    0.133861E+02    0.360210E+00
   0.209950E+02    0.262105E+04   -0.203867E+04    0.582387E+03    0.202242E+01    0.509754E+00    0.238869E+04    0.133676E+02    0.361704E+00
   0.214950E+02    0.249719E+04   -0.191097E+04    0.586222E+03    0.192685E+01    0.799043E+00    0.237899E+04    0.133495E+02    0.363180E+00
   0.219950E+02    0.260844E+04   -0.201027E+04    0.598166E+03    0.201268E+01    0.555282E+00    0.236915E+04    0.133310E+02    0.364688E+00
   0.224950E+02    0.261253E+04   -0.201361E+04    0.598918E+03    0.201584E+01    0.620331E+00    0.236018E+04    0.133142E+02    0.366074E+00
   0.229950E+02    0.261634E+04   -0.203330E+04    0.583049E+03    0.201878E+01    0.587909E+00    0.235206E+04    0.132989E+02    0.367338E+00
   0.234950E+02    0.258706E+04   -0.201133E+04    0.575729E+03    0.199619E+01    0.699269E+00    0.234405E+04    0.132838E+02    0.368593E+00
   0.239950E+02    0.261569E+04   -0.204486E+04    0.570838E+03    0.201828E+01    0.625778E+00    0.233583E+04    0.132683E+02    0.369890E+00
   0.244950E+02    0.263721E+04   -0.207604E+04    0.561169E+03    0.203489E+01    0.506199E+00    0.232717E+04    0.132518E+02    0.371266E+00
   0.249950E+02    0.260461E+04   -0.205633E+04    0.548280E+03    0.200973E+01    0.659758E+00    0.231742E+04    0.132333E+02    0.372828E+00
   0.254950E+02    0.261215E+04   -0.207164E+04    0.540513E+03    0.201555E+01    0.672911E+00    0.230965E+04    0.132185E+02    0.374083E+00
   0.259950E+02    0.255710E+04   -0.203398E+04    0.523118E+03    0.197307E+01    0.683590E+00    0.230120E+04    0.132024E+02    0.375457E+00
   0.264950E+02    0.263579E+04   -0.211590E+04    0.519894E+03    0.203379E+01    0.478849E+00    0.229303E+04    0.131867E+02    0.376794E+00
   0.269950E+02    0.261735E+04   -0.208643E+04    0.530921E+03    0.201956E+01    0.573536E+00    0.228561E+04    0.131725E+02    0.378018E+00
   0.274950E+02    0.258931E+04   -0.206681E+04    0.522504E+03    0.199793E+01    0.660163E+00    0.227697E+04    0.131559E+02    0.379452E+00
   0.279950E+02    0.258091E+04   -0.206644E+04    0.514473E+03    0.199144E+01    0.608725E+00    0.226705E+04    0.131367E+02    0.381112E+00
   0.284950E+02    0.262193E+04   -0.210736E+04    0.514567E+03    0.202309E+01    0.592165E+00    0.225935E+04    0.131218E+02    0.382410E+00
   0.289950E+02    0.258887E+04   -0.209168E+04    0.497185E+03    0.199758E+01    0.713016E+00    0.225059E+04    0.131049E+02    0.383899E+00
   0.294950E+02    0.261432E+04   -0.212354E+04    0.490784E+03    0.201722E+01    0.621329E+00    0.224386E+04    0.130918E+02    0.385051E+00
   0.299950E+02    0.261821E+04   -0.213623E+04    0.481975E+03    0.202022E+01    0.581036E+00    0.223562E+04    0.130757E+02    0.386469E+00
   0.304950E+02    0.258192E+04   -0.209742E+04    0.484508E+03    0.199223E+01    0.633977E+00    0.222725E+04    0.130594E+02    0.387922E+00
   0.309950E+02    0.255955E+04   -0.208360E+04    0.475954E+03    0.197496E+01    0.694221E+00    0.221964E+04    0.130445E+02    0.389253E+00
   0.314950E+02    0.261182E+04   -0.214737E+04    0.464454E+03    0.201529E+01    0.663979E+00    0.221265E+04    0.130308E+02    0.390482E+00
   0.319950E+02    0.262275E+04   -0.217258E+04    0.450166E+03    0.202373E+01    0.639185E+00    0.220635E+04    0.130184E+02    0.391597E+00
   0.324950E+02    0.257391E+04   -0.212092E+04    0.452995E+03    0.198604E+01    0.677257E+00    0.219903E+04    0.130040E+02    0.392900E+00
   0.329950E+02    0.263082E+04   -0.218154E+04    0.449289E+03    0.202996E+01    0.607526E+00    0.219231E+04    0.129907E+02    0.394105E+00
   0.334950E+02    0.262882E+04   -0.220849E+04    0.420328E+03    0.202841E+01    0.665345E+00    0.218488E+04    0.129760E+02    0.395445E+00
   0.339950E+02    0.254807E+04   -0.211907E+04    0.428999E+03    0.196611E+01    0.789924E+00    0.217903E+04    0.129644E+02    0.396508E+00
   0.344950E+02    0.256737E+04   -0.213943E+04    0.427942E+03    0.198099E+01    0.770408E+00    0.217174E+04    0.129500E+02    0.397838E+00
   0.349950E+02    0.263081E+04   -0.221466E+04    0.416155E+03    0.202995E+01    0.703010E+00    0.216571E+04    0.129380E+02    0.398946E+00
   0.354950E+02    0.260680E+04   -0.221485E+04    0.391950E+03    0.201142E+01    0.691222E+00    0.215942E+04    0.129255E+02    0.400107E+00
   0.359950E+02    0.259824E+04   -0.220831E+04    0.389926E+03    0.200481E+01    0.607535E+00    0.215275E+04    0.129121E+02    0.401346E+00
   0.364950E+02    0.257971E+04   -0.218864E+04    0.391070E+03    0.199051E+01    0.789489E+00    0.214763E+04    0.129019E+02    0.402304E+00
   0.369950E+02    0.263793E+04   -0.225059E+04    0.387337E+03    0.203544E+01    0.575785E+00    0.214101E+04    0.128886E+02    0.403548E+00
   0.374950E+02    0.261365E+04   -0.223459E+04    0.379062E+03    0.201671E+01    0.698764E+00    0.213366E+04    0.128739E+02    0.404937E+00
   0.379950E+02    0.261550E+04   -0.225187E+04    0.363636E+03    0.201813E+01    0.730051E+00    0.212813E+04    0.128627E+02    0.405990E+00
   0.384950E+02    0.259457E+04   -0.223180E+04    0.362764E+03    0.200198E+01    0.710355E+00    0.212234E+04    0.128510E+02    0.407098E+00
   0.389950E+02    0.258239E+04   -0.221211E+04    0.370276E+03    0.199259E+01    0.763818E+00    0.211629E+04    0.128388E+02    0.408262E+00
   0.394950E+02    0.260013E+04   -0.223320E+04    0.366935E+03    0.200628E+01    0.712639E+00    0.211064E+04    0.128274E+02    0.409354E+00
   0.399950E+02    0.258864E+04   -0.223501E+04    0.353633E+03    0.199741E+01    0.665142E+00    0.210407E+04    0.128141E+02    0.410633E+00
   0.404950E+02    0.257333E+04   -0.223094E+04    0.342399E+03    0.198560E+01    0.816450E+00    0.209752E+04    0.128008E+02    0.411914E+00
   0.409950E+02    0.258647E+04   -0.226283E+04    0.323635E+03    0.199573E+01    0.885679E+00    0.209205E+04    0.127896E+02    0.412992E+00
   0.414950E+02    0.259311E+04   -0.226476E+04    0.328345E+03    0.200085E+01    0.678607E+00    0.208781E+04    0.127810E+02    0.413830E+00
   0.419950E+02    0.256567E+04   -0.222724E+04    0.338427E+03    0.197968E+01    0.806085E+00    0.208341E+04    0.127720E+02    0.414706E+00
   0.424950E+02    0.264268E+04   -0.230204E+04    0.340636E+03    0.203910E+01    0.600763E+00    0.207782E+04    0.127605E+02    0.415820E+00
   0.429950E+02    0.257671E+04   -0.224301E+04    0.333693E+03    0.198820E+01    0.729668E+00    0.207263E+04    0.127499E+02    0.416861E+00
   0.434950E+02    0.263059E+04   -0.230732E+04    0.323264E+03    0.202977E+01    0.759155E+00    0.206739E+04    0.127392E+02    0.417918E+00
   0.439950E+02    0.257389E+04   -0.226185E+04    0.312037E+03    0.198603E+01    0.776860E+00    0.206202E+04    0.127281E+02    0.419007E+00
   0.444950E+02    0.258876E+04   -0.227434E+04    0.314429E+03    0.199750E+01    0.682510E+00    0.205707E+04    0.127179E+02    0.420016E+00
   0.449950E+02    0.259397E+04   -0.227383E+04    0.320138E+03    0.200152E+01    0.793401E+00    0.205305E+04    0.127096E+02    0.420837E+00
   0.454950E+02    0.266953E+04   -0.235808E+04    0.311456E+03    0.205983E+01    0.533577E+00    0.204947E+04    0.127023E+02    0.421572E+00
   0.459950E+02    0.259122E+04   -0.228848E+04    0.302737E+03    0.199940E+01    0.732941E+00    0.204358E+04    0.126901E+02    0.422788E+00
   0.464950E+02    0.255074E+04   -0.225426E+04    0.296480E+03    0.196816E+01    0.934016E+00    0.203926E+04    0.126811E+02    0.423682E+00
   0.469950E+02    0.258937E+04   -0.231634E+04    0.273032E+03    0.199797E+01    0.798191E+00    0.203463E+04    0.126715E+02    0.424648E+00
   0.474950E+02    0.256639E+04   -0.230995E+04    0.256444E+03    0.198024E+01    0.856447E+00    0.202951E+04    0.126609E+02    0.425720E+00
   0.479950E+02    0.264514E+04   -0.238213E+04    0.263012E+03    0.204100E+01    0.754213E+00    0.202607E+04    0.126537E+02    0.426441E+00
   0.484950E+02    0.256331E+04   -0.230139E+04    0.261921E+03    0.197786E+01    0.871257E+00    0.202174E+04    0.126447E+02    0.427355E+00
   0.489950E+02    0.258084E+04   -0.233910E+04    0.241739E+03    0.199139E+01    0.885728E+00    0.201810E+04    0.126371E+02    0.428126E+00
   0.494950E+02    0.260213E+04   -0.236039E+04    0.241743E+03    0.200782E+01    0.751037E+00    0.201354E+04    0.126276E+02    0.429095E+00
   0.499950E+02    0.259883E+04   -0.234846E+04    0.250373E+03    0.200527E+01    0.769740E+00    0.200852E+04    0.126171E+02    0.430167E+00
   0.504950E+02    0.262411E+04   -0.236260E+04    0.261515E+03    0.202478E+01    0.632762E+00    0.200477E+04    0.126092E+02    0.430973E+00
   0.509950E+02    0.254288E+04   -0.228782E+04    0.255058E+03    0.196210E+01    0.806313E+00    0.199977E+04    0.125987E+02    0.432051E+00
   0.514950E+02    0.259115E+04   -0.234399E+04    0.247159E+03    0.199935E+01    0.923592E+00    0.199588E+04    0.125906E+02    0.432892E+00
   0.519950E+02    0.262906E+04   -0.239957E+04    0.229487E+03    0.202859E+01    0.777701E+00    0.199219E+04    0.125828E+02    0.433693E+00
   0.524950E+02    0.255524E+04   -0.233318E+04    0.222064E+03    0.197164E+01    0.995111E+00    0.198879E+04    0.125756E+02    0.434434E+00
   0.529950E+02    0.256612E+04   -0.235739E+04    0.208734E+03    0.198003E+01    0.853131E+00    0.198604E+04    0.125698E+02    0.435036E+00
   0.534950E+02    0.256330E+04   -0.233944E+04    0.223862E+03    0.197786E+01    0.811904E+00    0.198208E+04    0.125615E+02    0.435907E+00
   0.539950E+02    0.259527E+04   -0.237240E+04    0.222875E+03    0.200252E+01    0.758960E+00    0.197718E+04    0.125511E+02    0.436986E+00
   0.544950E+02    0.260439E+04   -0.239138E+04    0.213008E+03    0.200956E+01    0.923388E+00    0.197482E+04    0.125461E+02    0.437509E+00
   0.549950E+02    0.262071E+04   -0.242798E+04    0.192729E+03    0.202215E+01    0.718009E+00    0.197138E+04    0.125388E+02    0.438272E+00
   0.554950E+02    0.259570E+04   -0.239614E+04    0.199564E+03    0.200286E+01    0.917860E+00    0.196806E+04    0.125318E+02    0.439011E+00
   0.559950E+02    0.257378E+04   -0.238517E+04    0.188612E+03    0.198595E+01    0.873314E+00    0.196401E+04    0.125232E+02    0.439915E+00
   0.564950E+02    0.257768E+04   -0.238811E+04    0.189566E+03    0.198895E+01    0.789636E+00    0.196004E+04    0.125147E+02    0.440806E+00
   0.569950E+02    0.257279E+04   -0.238734E+04    0.185455E+03    0.198518E+01    0.835773E+00    0.195636E+04    0.125069E+02    0.441637E+00
   0.574950E+02    0.257256E+04   -0.238868E+04    0.183875E+03    0.198500E+01    0.835706E+00    0.195241E+04    0.124985E+02    0.442530E+00
   0.579950E+02    0.255728E+04   -0.237124E+04    0.186041E+03    0.197321E+01    0.915568E+00    0.194893E+04    0.124910E+02    0.443321E+00
   0.584950E+02    0.265723E+04   -0.248038E+04    0.176843E+03    0.205033E+01    0.744409E+00    0.194549E+04    0.124837E+02    0.444105E+00
   0.589950E+02    0.258120E+04   -0.241627E+04    0.164933E+03    0.199167E+01    0.941397E+00    0.194272E+04    0.124778E+02    0.444738E+00
   0.594950E+02    0.260461E+04   -0.243420E+04    0.170413E+03    0.200973E+01    0.781844E+00    0.194021E+04    0.124724E+02    0.445313E+00
   0.599950E+02    0.260161E+04   -0.244438E+04    0.157231E+03    0.200742E+01    0.767767E+00    0.193706E+04    0.124656E+02    0.446036E+00
   0.604950E+02    0.260221E+04   -0.243523E+04    0.166981E+03    0.200788E+01    0.907045E+00    0.193464E+04    0.124604E+02    0.446595E+00
   0.609950E+02    0.259602E+04   -0.244304E+04    0.152982E+03    0.200310E+01    0.877644E+00    0.193194E+04    0.124546E+02    0.447218E+00
   0.614950E+02    0.262579E+04   -0.246445E+04    0.161344E+03    0.202607E+01    0.733728E+00    0.192870E+04    0.124477E+02    0.447970E+00
   0.619950E+02    0.263337E+04   -0.248729E+04    0.146076E+03    0.203192E+01    0.803182E+00    0.192687E+04    0.124437E+02    0.448396E+00
   0.624950E+02    0.262170E+04   -0.248862E+04    0.133086E+03    0.202292E+01    0.664992E+00    0.192442E+04    0.124385E+02    0.448967E+00
   0.629950E+02    0.257640E+04   -0.244572E+04    0.130682E+03    0.198797E+01    0.860070E+00    0.192068E+04    0.124304E+02    0.449840E+00
   0.634950E+02    0.259113E+04   -0.244957E+04    0.141556E+03    0.199933E+01    0.875021E+00    0.191884E+04    0.124264E+02    0.450273E+00
   0.639950E+02    0.256978E+04   -0.242614E+04    0.143641E+03    0.198285E+01    0.935621E+00    0.191507E+04    0.124183E+02    0.451159E+00
   0.644950E+02    0.258166E+04   -0.244996E+04    0.131703E+03    0.199202E+01    0.865771E+00    0.191259E+04    0.124129E+02    0.451744E+00
   0.649950E+02    0.261333E+04   -0.247681E+04    0.136512E+03    0.201645E+01    0.842959E+00    0.191018E+04    0.124077E+02    0.452314E+00
   0.654950E+02    0.262356E+04   -0.248821E+04    0.135348E+03    0.202435E+01    0.871713E+00    0.190818E+04    0.124034E+02    0.452787E+00
   0.659950E+02    0.259956E+04   -0.247041E+04    0.129155E+03    0.200584E+01    0.843060E+00    0.190625E+04    0.123992E+02    0.453246E+00
   0.664950E+02    0.264367E+04   -0.252027E+04    0.123399E+03    0.203987E+01    0.766642E+00    0.190366E+04    0.123936E+02    0.453862E+00
   0.669950E+02    0.257598E+04   -0.245026E+04    0.125722E+03    0.198764E+01    0.887370E+00    0.190143E+04    0.123887E+02    0.454395E+00
   0.674950E+02    0.253732E+04   -0.240736E+04    0.129958E+03    0.195781E+01    0.109796E+01    0.189988E+04    0.123854E+02    0.454766E+00
   0.679950E+02    0.264880E+04   -0.252703E+04    0.121765E+03    0.204382E+01    0.744865E+00    0.189841E+04    0.123822E+02    0.455117E+00
   0.684950E+02    0.261616E+04   -0.250684E+04    0.109323E+03    0.201864E+01    0.804036E+00    0.189554E+04    0.123759E+02    0.455806E+00
   0.689950E+02    0.259475E+04   -0.249253E+04    0.102224E+03    0.200212E+01    0.846026E+00    0.189270E+04    0.123697E+02    0.456490E+00
   0.694950E+02    0.256565E+04   -0.246872E+04    0.969245E+02    0.197967E+01    0.948098E+00    0.188998E+04    0.123638E+02    0.457148E+00
   0.699950E+02    0.259419E+04   -0.250100E+04    0.931909E+02    0.200169E+01    0.958262E+00    0.188879E+04    0.123612E+02    0.457435E+00
   0.704950E+02    0.256087E+04   -0.245064E+04    0.110231E+03    0.197598E+01    0.923156E+00    0.188756E+04    0.123585E+02    0.457733E+00
   0.709950E+02    0.261716E+04   -0.251654E+04    0.100615E+03    0.201941E+01    0.844905E+00    0.188507E+04    0.123531E+02    0.458339E+00
   0.714950E+02    0.261569E+04   -0.252807E+04    0.876211E+02    0.201828E+01    0.918809E+00    0.188358E+04    0.123498E+02    0.458702E+00
   0.719950E+02    0.256251E+04   -0.248486E+04    0.776552E+02    0.197725E+01    0.959732E+00    0.188195E+04    0.123463E+02    0.459098E+00
   0.724950E+02    0.252752E+04   -0.244935E+04    0.781638E+02    0.195025E+01    0.109184E+01    0.187988E+04    0.123417E+02    0.459604E+00
   0.729950E+02    0.259817E+04   -0.251692E+04    0.812462E+02    0.200476E+01    0.917864E+00    0.187819E+04    0.123381E+02    0.460017E+00
   0.734950E+02    0.259266E+04   -0.251755E+04    0.751175E+02    0.200051E+01    0.885723E+00    0.187614E+04    0.123336E+02    0.460519E+00
   0.739950E+02    0.262511E+04   -0.255766E+04    0.674537E+02    0.202555E+01    0.829734E+00    0.187410E+04    0.123291E+02    0.461022E+00
   0.744950E+02    0.258715E+04   -0.250910E+04    0.780549E+02    0.199626E+01    0.862884E+00    0.187263E+04    0.123259E+02    0.461384E+00
   0.749950E+02    0.256356E+04   -0.249410E+04    0.694542E+02    0.197805E+01    0.993993E+00    0.187104E+04    0.123224E+02    0.461776E+00
   0.754950E+02    0.263656E+04   -0.257840E+04    0.581561E+02    0.203438E+01    0.885823E+00    0.186956E+04    0.123191E+02    0.462141E+00
   0.759950E+02    0.256501E+04   -0.250593E+04    0.590712E+02    0.197917E+01    0.890481E+00    0.186836E+04    0.123165E+02    0.462437E+00
   0.764950E+02    0.262133E+04   -0.256915E+04    0.521809E+02    0.202263E+01    0.784891E+00    0.186548E+04    0.123102E+02    0.463151E+00
   0.769950E+02    0.256006E+04   -0.250865E+04    0.514118E+02    0.197536E+01    0.103042E+01    0.186505E+04    0.123092E+02    0.463259E+00
   0.774950E+02    0.261724E+04   -0.256803E+04    0.492114E+02    0.201948E+01    0.933707E+00    0.186322E+04    0.123052E+02    0.463714E+00
   0.779950E+02    0.261480E+04   -0.256215E+04    0.526523E+02    0.201759E+01    0.757553E+00    0.186125E+04    0.123008E+02    0.464204E+00
   0.784950E+02    0.256886E+04   -0.251371E+04    0.551484E+02    0.198214E+01    0.100594E+01    0.185940E+04    0.122968E+02    0.464667E+00
   0.789950E+02    0.260930E+04   -0.255593E+04    0.533724E+02    0.201335E+01    0.845660E+00    0.185772E+04    0.122931E+02    0.465086E+00
   0.794950E+02    0.260231E+04   -0.254812E+04    0.541874E+02    0.200796E+01    0.854704E+00    0.185565E+04    0.122885E+02    0.465604E+00
   0.799950E+02    0.263783E+04   -0.257598E+04    0.618508E+02    0.203536E+01    0.775250E+00    0.185375E+04    0.122843E+02    0.466082E+00
   0.804950E+02    0.258663E+04   -0.254172E+04    0.449102E+02    0.199585E+01    0.105374E+01    0.185343E+04    0.122836E+02    0.466163E+00
   0.809950E+02    0.256819E+04   -0.253060E+04    0.375835E+02    0.198163E+01    0.977608E+00    0.185162E+04    0.122796E+02    0.466617E+00
   0.814950E+02    0.259639E+04   -0.255319E+04    0.432074E+02    0.200339E+01    0.987319E+00    0.185130E+04    0.122789E+02    0.466699E+00
   0.819950E+02    0.257430E+04   -0.252114E+04    0.531543E+02    0.198634E+01    0.967088E+00    0.184951E+04    0.122749E+02    0.467152E+00
   0.824950E+02    0.259099E+04   -0.253537E+04    0.556188E+02    0.199922E+01    0.914847E+00    0.184871E+04    0.122732E+02    0.467352E+00
   0.829950E+02    0.259190E+04   -0.252663E+04    0.652638E+02    0.199992E+01    0.950174E+00    0.184716E+04    0.122697E+02    0.467744E+00
   0.834950E+02    0.259238E+04   -0.252373E+04    0.686503E+02    0.200030E+01    0.106396E+01    0.184653E+04    0.122683E+02    0.467905E+00
   0.839950E+02    0.259538E+04   -0.253842E+04    0.569599E+02    0.200261E+01    0.959023E+00    0.184583E+04    0.122668E+02    0.468082E+00
   0.844950E+02    0.261176E+04   -0.255896E+04    0.528060E+02    0.201525E+01    0.954099E+00    0.184565E+04    0.122664E+02    0.468127E+00
   0.849950E+02    0.260223E+04   -0.255229E+04    0.499366E+02    0.200789E+01    0.866388E+00    0.184477E+04    0.122644E+02    0.468351E+00
   0.854950E+02    0.255697E+04   -0.251824E+04    0.387358E+02    0.197297E+01    0.111738E+01    0.184349E+04    0.122616E+02    0.468675E+00
   0.859950E+02    0.259566E+04   -0.258173E+04    0.139305E+02    0.200282E+01    0.100591E+01    0.184161E+04    0.122574E+02    0.469154E+00
   0.864950E+02    0.259215E+04   -0.258171E+04    0.104435E+02    0.200012E+01    0.928034E+00    0.184123E+04    0.122566E+02    0.469251E+00
   0.869950E+02    0.257521E+04   -0.256306E+04    0.121464E+02    0.198705E+01    0.956673E+00    0.183947E+04    0.122527E+02    0.469701E+00
   0.874950E+02    0.256811E+04   -0.255736E+04    0.107446E+02    0.198156E+01    0.949979E+00    0.183800E+04    0.122494E+02    0.470076E+00
   0.879950E+02    0.258997E+04   -0.257391E+04    0.160542E+02    0.199843E+01    0.948568E+00    0.183594E+04    0.122448E+02    0.470603E+00
   0.884950E+02    0.256844E+04   -0.254459E+04    0.238419E+02    0.198182E+01    0.108831E+01    0.183521E+04    0.122432E+02    0.470791E+00
   0.889950E+02    0.261645E+04   -0.260057E+04    0.158839E+02    0.201887E+01    0.954245E+00    0.183431E+04    0.122412E+02    0.471021E+00
   0.894950E+02    0.259479E+04   -0.259097E+04    0.381450E+01    0.200215E+01    0.105347E+01    0.183459E+04    0.122418E+02    0.470949E+00
   0.899950E+02    0.259825E+04   -0.260036E+04   -0.211046E+01    0.200482E+01    0.873075E+00    0.183377E+04    0.122400E+02    0.471159E+00
   0.904950E+02    0.257188E+04   -0.257079E+04    0.108860E+01    0.198448E+01    0.988317E+00    0.183169E+04    0.122354E+02    0.471695E+00
   0.909950E+02    0.259719E+04   -0.258362E+04    0.135697E+02    0.200400E+01    0.912865E+00    0.183113E+04    0.122341E+02    0.471839E+00
   0.914950E+02    0.256062E+04   -0.254899E+04    0.116271E+02    0.197579E+01    0.103791E+01    0.182998E+04    0.122316E+02    0.472138E+00
   0.919950E+02    0.254958E+04   -0.253316E+04    0.164234E+02    0.196727E+01    0.107772E+01    0.182832E+04    0.122279E+02    0.472566E+00
   0.924950E+02    0.257532E+04   -0.256618E+04    0.913760E+01    0.198713E+01    0.964797E+00    0.182716E+04    0.122253E+02    0.472866E+00
   0.929950E+02    0.253558E+04   -0.252974E+04    0.584719E+01    0.195647E+01    0.100705E+01    0.182526E+04    0.122210E+02    0.473357E+00
   0.934950E+02    0.261399E+04   -0.260175E+04    0.122407E+02    0.201697E+01    0.971042E+00    0.182581E+04    0.122223E+02    0.473215E+00
   0.939950E+02    0.258815E+04   -0.257310E+04    0.150463E+02    0.199703E+01    0.105208E+01    0.182493E+04    0.122203E+02    0.473443E+00
   0.944950E+02    0.257253E+04   -0.256303E+04    0.950548E+01    0.198498E+01    0.103431E+01    0.182476E+04    0.122199E+02    0.473487E+00
   0.949950E+02    0.256683E+04   -0.255252E+04    0.143051E+02    0.198058E+01    0.999445E+00    0.182443E+04    0.122192E+02    0.473572E+00
   0.954950E+02    0.259745E+04   -0.258241E+04    0.150394E+02    0.200420E+01    0.950713E+00    0.182278E+04    0.122155E+02    0.474000E+00
   0.959950E+02    0.259907E+04   -0.258332E+04    0.157545E+02    0.200546E+01    0.959695E+00    0.182239E+04    0.122146E+02    0.474104E+00
   0.964950E+02    0.259438E+04   -0.257451E+04    0.198667E+02    0.200183E+01    0.101510E+01    0.182230E+04    0.122144E+02    0.474126E+00
   0.969950E+02    0.263190E+04   -0.262317E+04    0.873458E+01    0.203079E+01    0.789217E+00    0.182111E+04    0.122118E+02    0.474437E+00
   0.974950E+02    0.258842E+04   -0.257673E+04    0.116891E+02    0.199724E+01    0.101995E+01    0.182042E+04    0.122102E+02    0.474615E+00
   0.979950E+02    0.260407E+04   -0.260152E+04    0.255200E+01    0.200931E+01    0.795117E+00    0.181828E+04    0.122055E+02    0.475173E+00
   0.984950E+02    0.258003E+04   -0.257859E+04    0.143396E+01    0.199076E+01    0.974082E+00    0.181703E+04    0.122026E+02    0.475502E+00
   0.989950E+02    0.262235E+04   -0.261775E+04    0.460309E+01    0.202342E+01    0.100563E+01    0.181757E+04    0.122039E+02    0.475359E+00
   0.994950E+02    0.257987E+04   -0.257046E+04    0.940613E+01    0.199064E+01    0.108178E+01    0.181767E+04    0.122041E+02    0.475334E+00
   0.999950E+02    0.256930E+04   -0.255770E+04    0.116012E+02    0.198249E+01    0.107674E+01    0.181795E+04    0.122047E+02    0.475260E+00
   0.100495E+03    0.259848E+04   -0.258810E+04    0.103764E+02    0.200500E+01    0.104622E+01    0.181795E+04    0.122047E+02    0.475261E+00
   0.100995E+03    0.255379E+04   -0.255612E+04   -0.233258E+01    0.197052E+01    0.101006E+01    0.181624E+04    0.122009E+02    0.475707E+00
   0.101495E+03    0.258299E+04   -0.258427E+04   -0.128264E+01    0.199304E+01    0.101973E+01    0.181565E+04    0.121996E+02    0.475862E+00
   0.101995E+03    0.260616E+04   -0.261741E+04   -0.112507E+02    0.201093E+01    0.895318E+00    0.181499E+04    0.121981E+02    0.476036E+00
   0.102495E+03    0.261656E+04   -0.262595E+04   -0.938961E+01    0.201895E+01    0.919530E+00    0.181545E+04    0.121991E+02    0.475914E+00
   0.102995E+03    0.261585E+04   -0.261067E+04    0.518126E+01    0.201841E+01    0.897791E+00    0.181506E+04    0.121982E+02    0.476016E+00
   0.103495E+03    0.258350E+04   -0.258176E+04    0.173776E+01    0.199344E+01    0.968547E+00    0.181354E+04    0.121948E+02    0.476415E+00
   0.103995E+03    0.260089E+04   -0.259484E+04    0.604976E+01    0.200686E+01    0.929284E+00    0.181257E+04    0.121927E+02    0.476671E+00
   0.104495E+03    0.252441E+04   -0.252432E+04    0.913592E-01    0.194785E+01    0.117399E+01    0.181174E+04    0.121908E+02    0.476888E+00
   0.104995E+03    0.259212E+04   -0.258994E+04    0.217411E+01    0.200009E+01    0.993511E+00    0.181094E+04    0.121890E+02    0.477100E+00
   0.105495E+03    0.259348E+04   -0.259781E+04   -0.433088E+01    0.200114E+01    0.100416E+01    0.181121E+04    0.121896E+02    0.477028E+00
   0.105995E+03    0.256501E+04   -0.257128E+04   -0.627209E+01    0.197917E+01    0.100047E+01    0.181081E+04    0.121887E+02    0.477135E+00
   0.106495E+03    0.259370E+04   -0.259355E+04    0.141981E+00    0.200131E+01    0.103510E+01    0.181159E+04    0.121905E+02    0.476930E+00
   0.106995E+03    0.259801E+04   -0.260790E+04   -0.989685E+01    0.200463E+01    0.936087E+00    0.181119E+04    0.121896E+02    0.477033E+00
   0.107495E+03    0.267160E+04   -0.268665E+04   -0.150459E+02    0.206142E+01    0.750839E+00    0.181056E+04    0.121881E+02    0.477200E+00
   0.107995E+03    0.256987E+04   -0.257660E+04   -0.673255E+01    0.198292E+01    0.103490E+01    0.181011E+04    0.121871E+02    0.477320E+00
   0.108495E+03    0.257605E+04   -0.257361E+04    0.243906E+01    0.198769E+01    0.105293E+01    0.180935E+04    0.121854E+02    0.477520E+00
   0.108995E+03    0.258412E+04   -0.258693E+04   -0.280850E+01    0.199392E+01    0.111295E+01    0.180967E+04    0.121862E+02    0.477434E+00
   0.109495E+03    0.261604E+04   -0.262543E+04   -0.939078E+01    0.201855E+01    0.876672E+00    0.180909E+04    0.121849E+02    0.477587E+00
   0.109995E+03    0.260192E+04   -0.262642E+04   -0.244998E+02    0.200765E+01    0.101876E+01    0.180868E+04    0.121839E+02    0.477697E+00
   0.110495E+03    0.259159E+04   -0.262719E+04   -0.356021E+02    0.199969E+01    0.912760E+00    0.180862E+04    0.121838E+02    0.477713E+00
   0.110995E+03    0.257699E+04   -0.260649E+04   -0.295034E+02    0.198842E+01    0.952496E+00    0.180662E+04    0.121793E+02    0.478241E+00
   0.111495E+03    0.258162E+04   -0.258847E+04   -0.685809E+01    0.199199E+01    0.110245E+01    0.180719E+04    0.121806E+02    0.478091E+00
   0.111995E+03    0.254778E+04   -0.255023E+04   -0.244362E+01    0.196588E+01    0.112109E+01    0.180784E+04    0.121820E+02    0.477919E+00
   0.112495E+03    0.259109E+04   -0.260019E+04   -0.909892E+01    0.199930E+01    0.920242E+00    0.180633E+04    0.121787E+02    0.478317E+00
   0.112995E+03    0.258916E+04   -0.258745E+04    0.170323E+01    0.199781E+01    0.100731E+01    0.180632E+04    0.121786E+02    0.478322E+00
   0.113495E+03    0.257623E+04   -0.259704E+04   -0.208106E+02    0.198783E+01    0.111783E+01    0.180526E+04    0.121762E+02    0.478602E+00
   0.113995E+03    0.259356E+04   -0.261513E+04   -0.215650E+02    0.200120E+01    0.981022E+00    0.180587E+04    0.121776E+02    0.478440E+00
   0.114495E+03    0.256732E+04   -0.258597E+04   -0.186517E+02    0.198095E+01    0.102578E+01    0.180586E+04    0.121776E+02    0.478443E+00
   0.114995E+03    0.258512E+04   -0.260298E+04   -0.178589E+02    0.199469E+01    0.103406E+01    0.180528E+04    0.121763E+02    0.478596E+00
   0.115495E+03    0.258324E+04   -0.259904E+04   -0.157980E+02    0.199324E+01    0.933141E+00    0.180505E+04    0.121758E+02    0.478657E+00
   0.115995E+03    0.256380E+04   -0.258199E+04   -0.181845E+02    0.197824E+01    0.108314E+01    0.180411E+04    0.121737E+02    0.478906E+00
   0.116495E+03    0.257048E+04   -0.259403E+04   -0.235486E+02    0.198339E+01    0.946701E+00    0.180307E+04    0.121713E+02    0.479183E+00
   0.116995E+03    0.262214E+04   -0.264084E+04   -0.187039E+02    0.202326E+01    0.845497E+00    0.180148E+04    0.121677E+02    0.479604E+00
   0.117495E+03    0.254815E+04   -0.256639E+04   -0.182406E+02    0.196616E+01    0.115603E+01    0.180164E+04    0.121681E+02    0.479562E+00
   0.117995E+03    0.255371E+04   -0.256016E+04   -0.644924E+01    0.197046E+01    0.113392E+01    0.180273E+04    0.121705E+02    0.479274E+00
   0.118495E+03    0.263819E+04   -0.265284E+04   -0.146584E+02    0.203564E+01    0.821538E+00    0.180204E+04    0.121690E+02    0.479455E+00
   0.118995E+03    0.263219E+04   -0.266809E+04   -0.359007E+02    0.203101E+01    0.967754E+00    0.180161E+04    0.121680E+02    0.479571E+00
   0.119495E+03    0.256328E+04   -0.258301E+04   -0.197291E+02    0.197784E+01    0.920109E+00    0.180139E+04    0.121675E+02    0.479628E+00
   0.119995E+03    0.259091E+04   -0.260353E+04   -0.126234E+02    0.199916E+01    0.982149E+00    0.180055E+04    0.121656E+02    0.479854E+00
   0.120495E+03    0.264439E+04   -0.266293E+04   -0.185349E+02    0.204043E+01    0.892459E+00    0.179933E+04    0.121629E+02    0.480178E+00
   0.120995E+03    0.258147E+04   -0.261088E+04   -0.294089E+02    0.199187E+01    0.100966E+01    0.179925E+04    0.121627E+02    0.480199E+00
   0.121495E+03    0.259580E+04   -0.263804E+04   -0.422441E+02    0.200293E+01    0.106142E+01    0.179970E+04    0.121637E+02    0.480081E+00
   0.121995E+03    0.257603E+04   -0.262000E+04   -0.439770E+02    0.198767E+01    0.101124E+01    0.179890E+04    0.121619E+02    0.480293E+00
   0.122495E+03    0.259353E+04   -0.264452E+04   -0.509905E+02    0.200118E+01    0.912493E+00    0.179667E+04    0.121569E+02    0.480889E+00
   0.122995E+03    0.255832E+04   -0.259196E+04   -0.336470E+02    0.197401E+01    0.999091E+00    0.179633E+04    0.121561E+02    0.480980E+00
   0.123495E+03    0.260656E+04   -0.262226E+04   -0.157042E+02    0.201123E+01    0.994638E+00    0.179661E+04    0.121568E+02    0.480905E+00
   0.123995E+03    0.258692E+04   -0.261382E+04   -0.268990E+02    0.199608E+01    0.108305E+01    0.179714E+04    0.121580E+02    0.480765E+00
   0.124495E+03    0.258028E+04   -0.259360E+04   -0.133199E+02    0.199096E+01    0.976621E+00    0.179800E+04    0.121599E+02    0.480534E+00
   0.124995E+03    0.257492E+04   -0.259725E+04   -0.223239E+02    0.198682E+01    0.102074E+01    0.179675E+04    0.121571E+02    0.480868E+00
   0.125495E+03    0.256253E+04   -0.258800E+04   -0.254730E+02    0.197726E+01    0.992725E+00    0.179526E+04    0.121537E+02    0.481268E+00
   0.125995E+03    0.262979E+04   -0.265784E+04   -0.280425E+02    0.202916E+01    0.976903E+00    0.179552E+04    0.121543E+02    0.481199E+00
   0.126495E+03    0.257567E+04   -0.261709E+04   -0.414176E+02    0.198740E+01    0.105634E+01    0.179562E+04    0.121545E+02    0.481170E+00
   0.126995E+03    0.256144E+04   -0.258395E+04   -0.225090E+02    0.197642E+01    0.104707E+01    0.179545E+04    0.121541E+02    0.481217E+00
   0.127495E+03    0.257705E+04   -0.259506E+04   -0.180117E+02    0.198846E+01    0.117902E+01    0.179596E+04    0.121553E+02    0.481079E+00
   0.127995E+03    0.266044E+04   -0.269595E+04   -0.355104E+02    0.205281E+01    0.723567E+00    0.179526E+04    0.121537E+02    0.481267E+00
   0.128495E+03    0.255169E+04   -0.257921E+04   -0.275257E+02    0.196889E+01    0.108931E+01    0.179568E+04    0.121547E+02    0.481156E+00
   0.128995E+03    0.265499E+04   -0.268043E+04   -0.254424E+02    0.204860E+01    0.806919E+00    0.179521E+04    0.121536E+02    0.481280E+00
   0.129495E+03    0.258365E+04   -0.261306E+04   -0.294151E+02    0.199356E+01    0.109887E+01    0.179529E+04    0.121538E+02    0.481260E+00
   0.129995E+03    0.256634E+04   -0.259481E+04   -0.284674E+02    0.198020E+01    0.109063E+01    0.179657E+04    0.121567E+02    0.480918E+00
   0.130495E+03    0.261909E+04   -0.263831E+04   -0.192183E+02    0.202090E+01    0.931883E+00    0.179646E+04    0.121564E+02    0.480945E+00
   0.130995E+03    0.266550E+04   -0.270053E+04   -0.350315E+02    0.205671E+01    0.763920E+00    0.179554E+04    0.121543E+02    0.481193E+00
   0.131495E+03    0.258752E+04   -0.261973E+04   -0.322107E+02    0.199654E+01    0.992315E+00    0.179536E+04    0.121539E+02    0.481241E+00
   0.131995E+03    0.261004E+04   -0.263564E+04   -0.256064E+02    0.201392E+01    0.920571E+00    0.179515E+04    0.121535E+02    0.481297E+00
   0.132495E+03    0.259129E+04   -0.260855E+04   -0.172586E+02    0.199945E+01    0.103618E+01    0.179601E+04    0.121554E+02    0.481065E+00
   0.132995E+03    0.259317E+04   -0.261649E+04   -0.233130E+02    0.200091E+01    0.986868E+00    0.179608E+04    0.121556E+02    0.481048E+00
   0.133495E+03    0.257052E+04   -0.259010E+04   -0.195814E+02    0.198343E+01    0.114358E+01    0.179653E+04    0.121566E+02    0.480927E+00
   0.133995E+03    0.262938E+04   -0.267265E+04   -0.432661E+02    0.202885E+01    0.798256E+00    0.179496E+04    0.121530E+02    0.481347E+00
   0.134495E+03    0.253426E+04   -0.258256E+04   -0.482949E+02    0.195545E+01    0.106476E+01    0.179296E+04    0.121485E+02    0.481886E+00
   0.134995E+03    0.259542E+04   -0.263947E+04   -0.440501E+02    0.200264E+01    0.966688E+00    0.179142E+04    0.121450E+02    0.482299E+00
   0.135495E+03    0.260087E+04   -0.263926E+04   -0.383871E+02    0.200685E+01    0.904692E+00    0.179180E+04    0.121459E+02    0.482196E+00
   0.135995E+03    0.260822E+04   -0.264519E+04   -0.369648E+02    0.201252E+01    0.901239E+00    0.179094E+04    0.121440E+02    0.482428E+00
   0.136495E+03    0.262359E+04   -0.265143E+04   -0.278417E+02    0.202437E+01    0.888416E+00    0.179127E+04    0.121447E+02    0.482340E+00
   0.136995E+03    0.260547E+04   -0.263618E+04   -0.307090E+02    0.201039E+01    0.897149E+00    0.179101E+04    0.121441E+02    0.482411E+00
   0.137495E+03    0.264320E+04   -0.268034E+04   -0.371415E+02    0.203951E+01    0.819583E+00    0.179096E+04    0.121440E+02    0.482422E+00
   0.137995E+03    0.258932E+04   -0.262565E+04   -0.363293E+02    0.199794E+01    0.102635E+01    0.179058E+04    0.121431E+02    0.482526E+00
   0.138495E+03    0.261078E+04   -0.265466E+04   -0.438891E+02    0.201449E+01    0.910208E+00    0.178986E+04    0.121415E+02    0.482721E+00
   0.138995E+03    0.260091E+04   -0.264578E+04   -0.448638E+02    0.200688E+01    0.102048E+01    0.179017E+04    0.121422E+02    0.482635E+00
   0.139495E+03    0.262751E+04   -0.268419E+04   -0.566824E+02    0.202740E+01    0.838722E+00    0.178906E+04    0.121397E+02    0.482935E+00
   0.139995E+03    0.264649E+04   -0.269535E+04   -0.488562E+02    0.204205E+01    0.840019E+00    0.178893E+04    0.121394E+02    0.482971E+00
   0.140495E+03    0.254024E+04   -0.258364E+04   -0.433979E+02    0.196006E+01    0.117424E+01    0.178852E+04    0.121385E+02    0.483081E+00
   0.140995E+03    0.260107E+04   -0.262699E+04   -0.259254E+02    0.200700E+01    0.972508E+00    0.178905E+04    0.121397E+02    0.482937E+00
   0.141495E+03    0.252891E+04   -0.255920E+04   -0.302869E+02    0.195132E+01    0.117172E+01    0.178859E+04    0.121386E+02    0.483063E+00
   0.141995E+03    0.256569E+04   -0.261583E+04   -0.501402E+02    0.197970E+01    0.106030E+01    0.178787E+04    0.121370E+02    0.483258E+00
   0.142495E+03    0.260845E+04   -0.266149E+04   -0.530334E+02    0.201269E+01    0.863694E+00    0.178658E+04    0.121341E+02    0.483606E+00
   0.142995E+03    0.263088E+04   -0.267959E+04   -0.487063E+02    0.203000E+01    0.851958E+00    0.178688E+04    0.121348E+02    0.483524E+00
   0.143495E+03    0.260165E+04   -0.265547E+04   -0.538212E+02    0.200745E+01    0.102237E+01    0.178709E+04    0.121353E+02    0.483467E+00
   0.143995E+03    0.258999E+04   -0.263094E+04   -0.409472E+02    0.199845E+01    0.916313E+00    0.178714E+04    0.121354E+02    0.483453E+00
   0.144495E+03    0.261109E+04   -0.265261E+04   -0.415183E+02    0.201473E+01    0.909929E+00    0.178656E+04    0.121341E+02    0.483610E+00
   0.144995E+03    0.260654E+04   -0.265072E+04   -0.441756E+02    0.201122E+01    0.104321E+01    0.178733E+04    0.121358E+02    0.483403E+00
   0.145495E+03    0.262504E+04   -0.268616E+04   -0.611245E+02    0.202549E+01    0.920310E+00    0.178799E+04    0.121373E+02    0.483223E+00
   0.145995E+03    0.258890E+04   -0.264902E+04   -0.601213E+02    0.199761E+01    0.958121E+00    0.178845E+04    0.121383E+02    0.483099E+00
   0.146495E+03    0.258021E+04   -0.262338E+04   -0.431713E+02    0.199090E+01    0.107146E+01    0.178912E+04    0.121398E+02    0.482919E+00
   0.146995E+03    0.260509E+04   -0.265075E+04   -0.456623E+02    0.201010E+01    0.997547E+00    0.178946E+04    0.121406E+02    0.482828E+00
   0.147495E+03    0.258213E+04   -0.262410E+04   -0.419639E+02    0.199239E+01    0.985114E+00    0.178812E+04    0.121376E+02    0.483188E+00
   0.147995E+03    0.261022E+04   -0.264859E+04   -0.383747E+02    0.201406E+01    0.998751E+00    0.178751E+04    0.121362E+02    0.483355E+00
   0.148495E+03    0.259693E+04   -0.263829E+04   -0.413543E+02    0.200381E+01    0.966451E+00    0.178794E+04    0.121372E+02    0.483237E+00
   0.148995E+03    0.262065E+04   -0.265780E+04   -0.371455E+02    0.202211E+01    0.992668E+00    0.178878E+04    0.121391E+02    0.483010E+00
   0.149495E+03    0.259714E+04   -0.263350E+04   -0.363522E+02    0.200397E+01    0.106507E+01    0.179050E+04    0.121430E+02    0.482545E+00
   0.149995E+03    0.251703E+04   -0.255201E+04   -0.349824E+02    0.194215E+01    0.122900E+01    0.179025E+04    0.121424E+02    0.482613E+00
   0.150495E+03    0.265496E+04   -0.268879E+04   -0.338267E+02    0.204858E+01    0.855590E+00    0.179128E+04    0.121447E+02    0.482337E+00
   0.150995E+03    0.264477E+04   -0.269027E+04   -0.455041E+02    0.204071E+01    0.831151E+00    0.179045E+04    0.121428E+02    0.482561E+00
   0.151495E+03    0.258323E+04   -0.262887E+04   -0.456456E+02    0.199323E+01    0.947207E+00    0.178964E+04    0.121410E+02    0.482779E+00
   0.151995E+03    0.262587E+04   -0.267252E+04   -0.466411E+02    0.202614E+01    0.927149E+00    0.178953E+04    0.121408E+02    0.482809E+00
   0.152495E+03    0.258911E+04   -0.263544E+04   -0.463273E+02    0.199777E+01    0.862423E+00    0.178909E+04    0.121398E+02    0.482928E+00
   0.152995E+03    0.259763E+04   -0.264956E+04   -0.519331E+02    0.200434E+01    0.107583E+01    0.178777E+04    0.121368E+02    0.483284E+00
   0.153495E+03    0.259120E+04   -0.264836E+04   -0.571533E+02    0.199938E+01    0.926280E+00    0.178794E+04    0.121372E+02    0.483239E+00
   0.153995E+03    0.254404E+04   -0.259205E+04   -0.480117E+02    0.196300E+01    0.104850E+01    0.178713E+04    0.121353E+02    0.483457E+00
   0.154495E+03    0.260895E+04   -0.264563E+04   -0.366832E+02    0.201308E+01    0.914850E+00    0.178655E+04    0.121340E+02    0.483614E+00
   0.154995E+03    0.256755E+04   -0.260170E+04   -0.341489E+02    0.198113E+01    0.103360E+01    0.178548E+04    0.121316E+02    0.483904E+00
   0.155495E+03    0.258568E+04   -0.261966E+04   -0.339826E+02    0.199512E+01    0.999934E+00    0.178445E+04    0.121293E+02    0.484183E+00
   0.155995E+03    0.259678E+04   -0.264158E+04   -0.447957E+02    0.200369E+01    0.102349E+01    0.178469E+04    0.121298E+02    0.484118E+00
   0.156495E+03    0.260421E+04   -0.265731E+04   -0.530971E+02    0.200942E+01    0.854263E+00    0.178436E+04    0.121291E+02    0.484208E+00
   0.156995E+03    0.256511E+04   -0.260598E+04   -0.408761E+02    0.197925E+01    0.112757E+01    0.178491E+04    0.121303E+02    0.484059E+00
   0.157495E+03    0.253493E+04   -0.257826E+04   -0.433238E+02    0.195597E+01    0.118827E+01    0.178524E+04    0.121311E+02    0.483968E+00
   0.157995E+03    0.263917E+04   -0.267389E+04   -0.347254E+02    0.203639E+01    0.940875E+00    0.178606E+04    0.121329E+02    0.483746E+00
   0.158495E+03    0.259829E+04   -0.263905E+04   -0.407606E+02    0.200485E+01    0.953342E+00    0.178646E+04    0.121338E+02    0.483638E+00
   0.158995E+03    0.259771E+04   -0.264241E+04   -0.447048E+02    0.200440E+01    0.962926E+00    0.178595E+04    0.121327E+02    0.483775E+00
   0.159495E+03    0.258387E+04   -0.262338E+04   -0.395080E+02    0.199373E+01    0.973978E+00    0.178597E+04    0.121327E+02    0.483769E+00
   0.159995E+03    0.259901E+04   -0.263955E+04   -0.405317E+02    0.200541E+01    0.109179E+01    0.178601E+04    0.121328E+02    0.483760E+00
   0.160495E+03    0.257181E+04   -0.262091E+04   -0.490938E+02    0.198443E+01    0.106762E+01    0.178680E+04    0.121346E+02    0.483546E+00
   0.160995E+03    0.261484E+04   -0.266213E+04   -0.472875E+02    0.201763E+01    0.841704E+00    0.178675E+04    0.121345E+02    0.483559E+00
   0.161495E+03    0.257787E+04   -0.262072E+04   -0.428563E+02    0.198910E+01    0.101983E+01    0.178655E+04    0.121340E+02    0.483615E+00
   0.161995E+03    0.261431E+04   -0.265307E+04   -0.387605E+02    0.201721E+01    0.920179E+00    0.178603E+04    0.121329E+02    0.483754E+00
   0.162495E+03    0.261007E+04   -0.267462E+04   -0.645572E+02    0.201394E+01    0.100906E+01    0.178504E+04    0.121306E+02    0.484022E+00
   0.162995E+03    0.254434E+04   -0.259428E+04   -0.499443E+02    0.196322E+01    0.111148E+01    0.178499E+04    0.121305E+02    0.484038E+00
   0.163495E+03    0.259330E+04   -0.263713E+04   -0.438340E+02    0.200100E+01    0.104967E+01    0.178559E+04    0.121318E+02    0.483875E+00
   0.163995E+03    0.256130E+04   -0.260409E+04   -0.427877E+02    0.197631E+01    0.995576E+00    0.178424E+04    0.121288E+02    0.484241E+00
   0.164495E+03    0.260125E+04   -0.263732E+04   -0.360762E+02    0.200713E+01    0.948198E+00    0.178451E+04    0.121294E+02    0.484167E+00
   0.164995E+03    0.261101E+04   -0.263976E+04   -0.287441E+02    0.201467E+01    0.923272E+00    0.178506E+04    0.121307E+02    0.484017E+00
   0.165495E+03    0.258181E+04   -0.261290E+04   -0.310903E+02    0.199214E+01    0.100188E+01    0.178594E+04    0.121326E+02    0.483779E+00
   0.165995E+03    0.257999E+04   -0.260854E+04   -0.285518E+02    0.199073E+01    0.100875E+01    0.178552E+04    0.121317E+02    0.483892E+00
   0.166495E+03    0.261592E+04   -0.264000E+04   -0.240812E+02    0.201846E+01    0.961521E+00    0.178570E+04    0.121321E+02    0.483844E+00
   0.166995E+03    0.261744E+04   -0.265313E+04   -0.356947E+02    0.201963E+01    0.937665E+00    0.178586E+04    0.121325E+02    0.483801E+00
   0.167495E+03    0.258655E+04   -0.262515E+04   -0.386020E+02    0.199579E+01    0.982496E+00    0.178506E+04    0.121307E+02    0.484017E+00
   0.167995E+03    0.260981E+04   -0.264698E+04   -0.371767E+02    0.201374E+01    0.974178E+00    0.178480E+04    0.121301E+02    0.484089E+00
   0.168495E+03    0.260754E+04   -0.264216E+04   -0.346283E+02    0.201199E+01    0.915766E+00    0.178507E+04    0.121307E+02    0.484016E+00
   0.168995E+03    0.260697E+04   -0.263969E+04   -0.327187E+02    0.201155E+01    0.107525E+01    0.178507E+04    0.121307E+02    0.484013E+00
   0.169495E+03    0.255032E+04   -0.258312E+04   -0.328012E+02    0.196784E+01    0.105240E+01    0.178524E+04    0.121311E+02    0.483968E+00
   0.169995E+03    0.262049E+04   -0.265975E+04   -0.392566E+02    0.202199E+01    0.930286E+00    0.178417E+04    0.121286E+02    0.484258E+00
   0.170495E+03    0.259784E+04   -0.263827E+04   -0.404269E+02    0.200451E+01    0.924143E+00    0.178368E+04    0.121275E+02    0.484391E+00
   0.170995E+03    0.258782E+04   -0.263285E+04   -0.450339E+02    0.199677E+01    0.946224E+00    0.178319E+04    0.121264E+02    0.484526E+00
   0.171495E+03    0.257027E+04   -0.261520E+04   -0.449289E+02    0.198323E+01    0.106185E+01    0.178264E+04    0.121252E+02    0.484673E+00
   0.171995E+03    0.259616E+04   -0.264482E+04   -0.486590E+02    0.200321E+01    0.930601E+00    0.178225E+04    0.121243E+02    0.484780E+00
   0.172495E+03    0.257749E+04   -0.264163E+04   -0.641449E+02    0.198880E+01    0.949783E+00    0.178151E+04    0.121226E+02    0.484982E+00
   0.172995E+03    0.254826E+04   -0.259794E+04   -0.496866E+02    0.196625E+01    0.102648E+01    0.178091E+04    0.121212E+02    0.485146E+00
   0.173495E+03    0.260118E+04   -0.264361E+04   -0.424266E+02    0.200708E+01    0.938401E+00    0.177975E+04    0.121186E+02    0.485462E+00
   0.173995E+03    0.259725E+04   -0.264030E+04   -0.430569E+02    0.200405E+01    0.104481E+01    0.178118E+04    0.121219E+02    0.485071E+00
   0.174495E+03    0.261572E+04   -0.265069E+04   -0.349655E+02    0.201831E+01    0.888692E+00    0.178100E+04    0.121215E+02    0.485120E+00
   0.174995E+03    0.259916E+04   -0.262649E+04   -0.273376E+02    0.200552E+01    0.971875E+00    0.178106E+04    0.121216E+02    0.485105E+00
   0.175495E+03    0.257408E+04   -0.260904E+04   -0.349674E+02    0.198617E+01    0.113319E+01    0.178113E+04    0.121217E+02    0.485086E+00
   0.175995E+03    0.257011E+04   -0.260224E+04   -0.321291E+02    0.198311E+01    0.107901E+01    0.178103E+04    0.121215E+02    0.485113E+00
   0.176495E+03    0.259779E+04   -0.262771E+04   -0.299164E+02    0.200447E+01    0.984055E+00    0.178206E+04    0.121239E+02    0.484833E+00
   0.176995E+03    0.260959E+04   -0.264629E+04   -0.367052E+02    0.201357E+01    0.949247E+00    0.178310E+04    0.121262E+02    0.484551E+00
   0.177495E+03    0.259999E+04   -0.264661E+04   -0.466194E+02    0.200616E+01    0.104111E+01    0.178168E+04    0.121230E+02    0.484935E+00
   0.177995E+03    0.259430E+04   -0.263454E+04   -0.402401E+02    0.200177E+01    0.958986E+00    0.178254E+04    0.121249E+02    0.484702E+00
   0.178495E+03    0.260618E+04   -0.262817E+04   -0.219935E+02    0.201094E+01    0.102106E+01    0.178313E+04    0.121263E+02    0.484542E+00
   0.178995E+03    0.260654E+04   -0.262985E+04   -0.233112E+02    0.201122E+01    0.997397E+00    0.178279E+04    0.121255E+02    0.484634E+00
   0.179495E+03    0.263703E+04   -0.266381E+04   -0.267757E+02    0.203475E+01    0.881519E+00    0.178412E+04    0.121285E+02    0.484272E+00
   0.179995E+03    0.259744E+04   -0.263809E+04   -0.406509E+02    0.200420E+01    0.999953E+00    0.178313E+04    0.121263E+02    0.484542E+00
   0.180495E+03    0.261533E+04   -0.266550E+04   -0.501748E+02    0.201800E+01    0.964777E+00    0.178308E+04    0.121262E+02    0.484556E+00
   0.180995E+03    0.260218E+04   -0.265227E+04   -0.500899E+02    0.200785E+01    0.100690E+01    0.178499E+04    0.121305E+02    0.484036E+00
   0.181495E+03    0.258314E+04   -0.263006E+04   -0.469255E+02    0.199316E+01    0.971720E+00    0.178489E+04    0.121303E+02    0.484063E+00
   0.181995E+03    0.259401E+04   -0.262884E+04   -0.348343E+02    0.200155E+01    0.967898E+00    0.178513E+04    0.121308E+02    0.483998E+00
   0.182495E+03    0.256689E+04   -0.260760E+04   -0.407054E+02    0.198062E+01    0.101510E+01    0.178407E+04    0.121284E+02    0.484287E+00
   0.182995E+03    0.261980E+04   -0.266521E+04   -0.454101E+02    0.202145E+01    0.819517E+00    0.178315E+04    0.121263E+02    0.484537E+00
   0.183495E+03    0.257384E+04   -0.261477E+04   -0.409331E+02    0.198598E+01    0.104416E+01    0.178298E+04    0.121259E+02    0.484583E+00
   0.183995E+03    0.259326E+04   -0.263963E+04   -0.463748E+02    0.200097E+01    0.106608E+01    0.178350E+04    0.121271E+02    0.484440E+00
   0.184495E+03    0.261836E+04   -0.267661E+04   -0.582493E+02    0.202034E+01    0.930892E+00    0.178398E+04    0.121282E+02    0.484310E+00
   0.184995E+03    0.251270E+04   -0.256312E+04   -0.504247E+02    0.193881E+01    0.117519E+01    0.178379E+04    0.121278E+02    0.484361E+00
   0.185495E+03    0.258890E+04   -0.264256E+04   -0.536560E+02    0.199761E+01    0.103696E+01    0.178416E+04    0.121286E+02    0.484261E+00
   0.185995E+03    0.260510E+04   -0.264918E+04   -0.440729E+02    0.201011E+01    0.997537E+00    0.178479E+04    0.121300E+02    0.484091E+00
   0.186495E+03    0.257170E+04   -0.262224E+04   -0.505308E+02    0.198434E+01    0.108529E+01    0.178355E+04    0.121272E+02    0.484427E+00
   0.186995E+03    0.255250E+04   -0.259454E+04   -0.420379E+02    0.196952E+01    0.107625E+01    0.178419E+04    0.121287E+02    0.484253E+00
   0.187495E+03    0.258939E+04   -0.263616E+04   -0.467687E+02    0.199799E+01    0.112581E+01    0.178418E+04    0.121287E+02    0.484257E+00
   0.187995E+03    0.255065E+04   -0.259527E+04   -0.446169E+02    0.196810E+01    0.115760E+01    0.178390E+04    0.121280E+02    0.484332E+00
   0.188495E+03    0.261018E+04   -0.265777E+04   -0.475944E+02    0.201403E+01    0.897285E+00    0.178436E+04    0.121291E+02    0.484208E+00
   0.188995E+03    0.256998E+04   -0.261245E+04   -0.424693E+02    0.198301E+01    0.107148E+01    0.178458E+04    0.121296E+02    0.484147E+00
   0.189495E+03    0.266458E+04   -0.270126E+04   -0.366783E+02    0.205600E+01    0.763393E+00    0.178403E+04    0.121283E+02    0.484297E+00
   0.189995E+03    0.263239E+04   -0.266822E+04   -0.358381E+02    0.203116E+01    0.806640E+00    0.178319E+04    0.121264E+02    0.484525E+00
   0.190495E+03    0.259557E+04   -0.263352E+04   -0.379518E+02    0.200275E+01    0.937407E+00    0.178244E+04    0.121247E+02    0.484729E+00
   0.190995E+03    0.260686E+04   -0.264747E+04   -0.406093E+02    0.201146E+01    0.927635E+00    0.178215E+04    0.121241E+02    0.484807E+00
   0.191495E+03    0.266160E+04   -0.271634E+04   -0.547325E+02    0.205371E+01    0.916751E+00    0.178137E+04    0.121223E+02    0.485021E+00
   0.191995E+03    0.256308E+04   -0.262450E+04   -0.614166E+02    0.197769E+01    0.104929E+01    0.178144E+04    0.121224E+02    0.485002E+00
   0.192495E+03    0.262153E+04   -0.267670E+04   -0.551662E+02    0.202279E+01    0.904128E+00    0.178148E+04    0.121225E+02    0.484991E+00
   0.192995E+03    0.259062E+04   -0.265283E+04   -0.622053E+02    0.199894E+01    0.100798E+01    0.178074E+04    0.121209E+02    0.485192E+00
   0.193495E+03    0.262519E+04   -0.269144E+04   -0.662469E+02    0.202561E+01    0.822080E+00    0.177997E+04    0.121191E+02    0.485403E+00
   0.193995E+03    0.262084E+04   -0.267633E+04   -0.554863E+02    0.202225E+01    0.930145E+00    0.178015E+04    0.121195E+02    0.485352E+00
   0.194495E+03    0.264719E+04   -0.270642E+04   -0.592313E+02    0.204258E+01    0.735586E+00    0.178001E+04    0.121192E+02    0.485390E+00
   0.194995E+03    0.263304E+04   -0.267792E+04   -0.448777E+02    0.203167E+01    0.820140E+00    0.177922E+04    0.121174E+02    0.485606E+00
   0.195495E+03    0.256343E+04   -0.260675E+04   -0.433196E+02    0.197795E+01    0.112985E+01    0.177971E+04    0.121185E+02    0.485471E+00
   0.195995E+03    0.256253E+04   -0.260988E+04   -0.473509E+02    0.197726E+01    0.103907E+01    0.177829E+04    0.121153E+02    0.485861E+00
   0.196495E+03    0.260333E+04   -0.265136E+04   -0.480296E+02    0.200874E+01    0.981591E+00    0.177837E+04    0.121155E+02    0.485837E+00
   0.196995E+03    0.263087E+04   -0.267118E+04   -0.403102E+02    0.202999E+01    0.913643E+00    0.177940E+04    0.121178E+02    0.485556E+00
   0.197495E+03    0.260161E+04   -0.264194E+04   -0.403393E+02    0.200741E+01    0.101038E+01    0.178062E+04    0.121206E+02    0.485224E+00
   0.197995E+03    0.258882E+04   -0.263007E+04   -0.412477E+02    0.199755E+01    0.108966E+01    0.178128E+04    0.121221E+02    0.485045E+00
   0.198495E+03    0.259063E+04   -0.263899E+04   -0.483598E+02    0.199894E+01    0.888850E+00    0.178119E+04    0.121219E+02    0.485068E+00
   0.198995E+03    0.258839E+04   -0.264609E+04   -0.577015E+02    0.199721E+01    0.110503E+01    0.177981E+04    0.121188E+02    0.485444E+00
   0.199495E+03    0.260869E+04   -0.266314E+04   -0.544513E+02    0.201288E+01    0.945443E+00    0.178047E+04    0.121203E+02    0.485264E+00
   0.199995E+03    0.261485E+04   -0.266616E+04   -0.513135E+02    0.201763E+01    0.829100E+00    0.178097E+04    0.121214E+02    0.485130E+00
   0.200495E+03    0.258221E+04   -0.263979E+04   -0.575725E+02    0.199245E+01    0.106341E+01    0.178128E+04    0.121221E+02    0.485045E+00
   0.200995E+03    0.256699E+04   -0.262786E+04   -0.608744E+02    0.198070E+01    0.116496E+01    0.178131E+04    0.121222E+02    0.485035E+00
   0.201495E+03    0.263314E+04   -0.270368E+04   -0.705407E+02    0.203174E+01    0.912130E+00    0.178157E+04    0.121228E+02    0.484964E+00
   0.201995E+03    0.259694E+04   -0.265539E+04   -0.584467E+02    0.200381E+01    0.107351E+01    0.178209E+04    0.121239E+02    0.484823E+00
   0.202495E+03    0.264019E+04   -0.269976E+04   -0.595699E+02    0.203718E+01    0.796809E+00    0.178147E+04    0.121225E+02    0.484992E+00
   0.202995E+03    0.258049E+04   -0.264797E+04   -0.674887E+02    0.199112E+01    0.108613E+01    0.178151E+04    0.121226E+02    0.484981E+00
   0.203495E+03    0.259838E+04   -0.267564E+04   -0.772534E+02    0.200493E+01    0.946853E+00    0.178039E+04    0.121201E+02    0.485287E+00
   0.203995E+03    0.255634E+04   -0.263675E+04   -0.804062E+02    0.197249E+01    0.108671E+01    0.177922E+04    0.121174E+02    0.485605E+00
   0.204495E+03    0.262727E+04   -0.269173E+04   -0.644556E+02    0.202722E+01    0.799827E+00    0.177842E+04    0.121156E+02    0.485824E+00
   0.204995E+03    0.259728E+04   -0.265202E+04   -0.547313E+02    0.200408E+01    0.921794E+00    0.177819E+04    0.121151E+02    0.485888E+00
   0.205495E+03    0.257612E+04   -0.262844E+04   -0.523138E+02    0.198775E+01    0.105380E+01    0.177873E+04    0.121163E+02    0.485741E+00
   0.205995E+03    0.257370E+04   -0.262703E+04   -0.533283E+02    0.198588E+01    0.995889E+00    0.177886E+04    0.121166E+02    0.485704E+00
   0.206495E+03    0.256661E+04   -0.260964E+04   -0.430371E+02    0.198041E+01    0.979677E+00    0.177869E+04    0.121162E+02    0.485751E+00
   0.206995E+03    0.258466E+04   -0.263627E+04   -0.516142E+02    0.199434E+01    0.993907E+00    0.177800E+04    0.121147E+02    0.485938E+00
   0.207495E+03    0.259580E+04   -0.264269E+04   -0.468972E+02    0.200293E+01    0.102263E+01    0.177849E+04    0.121158E+02    0.485805E+00
   0.207995E+03    0.257612E+04   -0.261711E+04   -0.409832E+02    0.198775E+01    0.106174E+01    0.177889E+04    0.121167E+02    0.485697E+00
   0.208495E+03    0.257797E+04   -0.261448E+04   -0.365034E+02    0.198918E+01    0.106168E+01    0.177883E+04    0.121165E+02    0.485712E+00
   0.208995E+03    0.258051E+04   -0.261030E+04   -0.297918E+02    0.199114E+01    0.100691E+01    0.177958E+04    0.121182E+02    0.485507E+00
   0.209495E+03    0.261545E+04   -0.266023E+04   -0.447831E+02    0.201809E+01    0.950346E+00    0.177814E+04    0.121150E+02    0.485901E+00
   0.209995E+03    0.259355E+04   -0.264196E+04   -0.484058E+02    0.200120E+01    0.109938E+01    0.177939E+04    0.121178E+02    0.485559E+00
   0.210495E+03    0.261366E+04   -0.266719E+04   -0.535344E+02    0.201671E+01    0.971210E+00    0.177959E+04    0.121182E+02    0.485506E+00
   0.210995E+03    0.254342E+04   -0.259720E+04   -0.537817E+02    0.196252E+01    0.117290E+01    0.178056E+04    0.121205E+02    0.485240E+00
   0.211495E+03    0.259256E+04   -0.264003E+04   -0.474675E+02    0.200043E+01    0.972919E+00    0.178134E+04    0.121222E+02    0.485029E+00
   0.211995E+03    0.256014E+04   -0.260715E+04   -0.470025E+02    0.197542E+01    0.102134E+01    0.178038E+04    0.121200E+02    0.485289E+00
   0.212495E+03    0.257661E+04   -0.261860E+04   -0.419838E+02    0.198813E+01    0.103076E+01    0.178059E+04    0.121205E+02    0.485233E+00
   0.212995E+03    0.264089E+04   -0.267976E+04   -0.388748E+02    0.203772E+01    0.961207E+00    0.178107E+04    0.121216E+02    0.485101E+00
   0.213495E+03    0.254783E+04   -0.258996E+04   -0.421286E+02    0.196592E+01    0.109339E+01    0.178238E+04    0.121246E+02    0.484746E+00
   0.213995E+03    0.260351E+04   -0.265086E+04   -0.473497E+02    0.200888E+01    0.911276E+00    0.178129E+04    0.121221E+02    0.485041E+00
   0.214495E+03    0.259573E+04   -0.265083E+04   -0.551003E+02    0.200287E+01    0.101194E+01    0.178061E+04    0.121206E+02    0.485228E+00
   0.214995E+03    0.257947E+04   -0.263099E+04   -0.515183E+02    0.199033E+01    0.101882E+01    0.178057E+04    0.121205E+02    0.485239E+00
   0.215495E+03    0.261525E+04   -0.266682E+04   -0.515769E+02    0.201794E+01    0.836952E+00    0.178043E+04    0.121202E+02    0.485276E+00
   0.215995E+03    0.264691E+04   -0.269705E+04   -0.501445E+02    0.204237E+01    0.858878E+00    0.177987E+04    0.121189E+02    0.485430E+00
   0.216495E+03    0.267996E+04   -0.273983E+04   -0.598740E+02    0.206787E+01    0.826582E+00    0.178131E+04    0.121222E+02    0.485036E+00
   0.216995E+03    0.257681E+04   -0.263559E+04   -0.587739E+02    0.198828E+01    0.100290E+01    0.178125E+04    0.121220E+02    0.485052E+00
   0.217495E+03    0.260549E+04   -0.265737E+04   -0.518827E+02    0.201041E+01    0.100623E+01    0.178146E+04    0.121225E+02    0.484996E+00
   0.217995E+03    0.260916E+04   -0.265265E+04   -0.434882E+02    0.201324E+01    0.988934E+00    0.178258E+04    0.121250E+02    0.484690E+00
   0.218495E+03    0.257786E+04   -0.263028E+04   -0.524201E+02    0.198909E+01    0.958491E+00    0.178127E+04    0.121221E+02    0.485047E+00
   0.218995E+03    0.267379E+04   -0.272413E+04   -0.503388E+02    0.206311E+01    0.843174E+00    0.178216E+04    0.121241E+02    0.484804E+00
   0.219495E+03    0.254744E+04   -0.261259E+04   -0.651438E+02    0.196562E+01    0.110246E+01    0.178225E+04    0.121243E+02    0.484781E+00
   0.219995E+03    0.255437E+04   -0.260903E+04   -0.546654E+02    0.197096E+01    0.114113E+01    0.178304E+04    0.121261E+02    0.484565E+00
   0.220495E+03    0.258863E+04   -0.263434E+04   -0.457079E+02    0.199740E+01    0.944104E+00    0.178257E+04    0.121250E+02    0.484695E+00
   0.220995E+03    0.261117E+04   -0.265209E+04   -0.409190E+02    0.201479E+01    0.930758E+00    0.178204E+04    0.121238E+02    0.484837E+00
   0.221495E+03    0.256101E+04   -0.260650E+04   -0.454881E+02    0.197609E+01    0.109140E+01    0.178166E+04    0.121230E+02    0.484940E+00
   0.221995E+03    0.258646E+04   -0.262001E+04   -0.335475E+02    0.199573E+01    0.109132E+01    0.178200E+04    0.121237E+02    0.484849E+00
   0.222495E+03    0.260109E+04   -0.263893E+04   -0.378419E+02    0.200701E+01    0.102853E+01    0.178225E+04    0.121243E+02    0.484781E+00
   0.222995E+03    0.258233E+04   -0.262350E+04   -0.411715E+02    0.199254E+01    0.108142E+01    0.178251E+04    0.121249E+02    0.484711E+00
   0.223495E+03    0.261155E+04   -0.266355E+04   -0.520023E+02    0.201508E+01    0.853632E+00    0.178140E+04    0.121224E+02    0.485011E+00
   0.223995E+03    0.262063E+04   -0.266665E+04   -0.460131E+02    0.202209E+01    0.784945E+00    0.178068E+04    0.121207E+02    0.485209E+00
   0.224495E+03    0.264076E+04   -0.267124E+04   -0.304762E+02    0.203762E+01    0.811334E+00    0.178158E+04    0.121228E+02    0.484962E+00
   0.224995E+03    0.259880E+04   -0.263692E+04   -0.381208E+02    0.200525E+01    0.118063E+01    0.178198E+04    0.121237E+02    0.484854E+00
   0.225495E+03    0.259086E+04   -0.264914E+04   -0.582836E+02    0.199912E+01    0.900560E+00    0.178170E+04    0.121230E+02    0.484931E+00
   0.225995E+03    0.258379E+04   -0.263315E+04   -0.493624E+02    0.199367E+01    0.101372E+01    0.178159E+04    0.121228E+02    0.484959E+00
   0.226495E+03    0.259266E+04   -0.264552E+04   -0.528594E+02    0.200051E+01    0.105690E+01    0.178140E+04    0.121223E+02    0.485013E+00
   0.226995E+03    0.256558E+04   -0.261474E+04   -0.491671E+02    0.197961E+01    0.967104E+00    0.178143E+04    0.121224E+02    0.485005E+00
   0.227495E+03    0.261802E+04   -0.265570E+04   -0.376768E+02    0.202008E+01    0.910655E+00    0.178094E+04    0.121213E+02    0.485136E+00
   0.227995E+03    0.260250E+04   -0.263681E+04   -0.343083E+02    0.200810E+01    0.909175E+00    0.178023E+04    0.121197E+02    0.485330E+00
   0.228495E+03    0.256673E+04   -0.259923E+04   -0.325074E+02    0.198050E+01    0.110593E+01    0.178058E+04    0.121205E+02    0.485235E+00
   0.228995E+03    0.259160E+04   -0.261999E+04   -0.283963E+02    0.199969E+01    0.998032E+00    0.178109E+04    0.121216E+02    0.485097E+00
   0.229495E+03    0.258819E+04   -0.262076E+04   -0.325668E+02    0.199706E+01    0.933066E+00    0.178073E+04    0.121208E+02    0.485194E+00
   0.229995E+03    0.256512E+04   -0.260099E+04   -0.358745E+02    0.197926E+01    0.108561E+01    0.178034E+04    0.121200E+02    0.485301E+00
   0.230495E+03    0.264359E+04   -0.268151E+04   -0.379183E+02    0.203981E+01    0.856235E+00    0.178024E+04    0.121197E+02    0.485329E+00
   0.230995E+03    0.264323E+04   -0.269292E+04   -0.496874E+02    0.203953E+01    0.796448E+00    0.177968E+04    0.121185E+02    0.485480E+00
   0.231495E+03    0.259226E+04   -0.265860E+04   -0.663408E+02    0.200020E+01    0.106821E+01    0.177984E+04    0.121188E+02    0.485438E+00
   0.231995E+03    0.256488E+04   -0.262054E+04   -0.556544E+02    0.197908E+01    0.998195E+00    0.177987E+04    0.121189E+02    0.485429E+00
   0.232495E+03    0.261244E+04   -0.266953E+04   -0.570901E+02    0.201577E+01    0.940392E+00    0.177945E+04    0.121179E+02    0.485544E+00
   0.232995E+03    0.258893E+04   -0.264673E+04   -0.578023E+02    0.199763E+01    0.994504E+00    0.177830E+04    0.121153E+02    0.485858E+00
   0.233495E+03    0.257384E+04   -0.264583E+04   -0.719944E+02    0.198599E+01    0.112794E+01    0.177843E+04    0.121156E+02    0.485821E+00
   0.233995E+03    0.259199E+04   -0.265714E+04   -0.651501E+02    0.199999E+01    0.100698E+01    0.177891E+04    0.121167E+02    0.485692E+00
   0.234495E+03    0.258918E+04   -0.265749E+04   -0.683091E+02    0.199782E+01    0.919483E+00    0.177768E+04    0.121139E+02    0.486028E+00
   0.234995E+03    0.254831E+04   -0.259660E+04   -0.482910E+02    0.196629E+01    0.112284E+01    0.177760E+04    0.121137E+02    0.486048E+00
   0.235495E+03    0.252065E+04   -0.257786E+04   -0.572061E+02    0.194495E+01    0.126406E+01    0.177712E+04    0.121126E+02    0.486181E+00
   0.235995E+03    0.257057E+04   -0.262917E+04   -0.585966E+02    0.198346E+01    0.104519E+01    0.177642E+04    0.121111E+02    0.486371E+00
   0.236495E+03    0.264167E+04   -0.269680E+04   -0.551384E+02    0.203832E+01    0.903381E+00    0.177699E+04    0.121124E+02    0.486215E+00
   0.236995E+03    0.259995E+04   -0.265473E+04   -0.547803E+02    0.200613E+01    0.101780E+01    0.177823E+04    0.121152E+02    0.485876E+00
   0.237495E+03    0.262691E+04   -0.268041E+04   -0.535080E+02    0.202693E+01    0.893108E+00    0.177935E+04    0.121177E+02    0.485570E+00
   0.237995E+03    0.258753E+04   -0.265056E+04   -0.630307E+02    0.199655E+01    0.979704E+00    0.177874E+04    0.121163E+02    0.485736E+00
   0.238495E+03    0.256237E+04   -0.263078E+04   -0.684090E+02    0.197714E+01    0.107230E+01    0.177832E+04    0.121154E+02    0.485852E+00
   0.238995E+03    0.256403E+04   -0.262273E+04   -0.586960E+02    0.197842E+01    0.108640E+01    0.177829E+04    0.121153E+02    0.485860E+00
   0.239495E+03    0.259699E+04   -0.264304E+04   -0.460508E+02    0.200385E+01    0.104581E+01    0.177847E+04    0.121157E+02    0.485810E+00
   0.239995E+03    0.258891E+04   -0.264013E+04   -0.512207E+02    0.199762E+01    0.105069E+01    0.177872E+04    0.121163E+02    0.485741E+00
   0.240495E+03    0.261673E+04   -0.267037E+04   -0.536460E+02    0.201908E+01    0.100176E+01    0.177963E+04    0.121183E+02    0.485494E+00
   0.240995E+03    0.257892E+04   -0.262677E+04   -0.478447E+02    0.198991E+01    0.109033E+01    0.178138E+04    0.121223E+02    0.485016E+00
   0.241495E+03    0.257883E+04   -0.261512E+04   -0.362923E+02    0.198984E+01    0.885586E+00    0.178200E+04    0.121237E+02    0.484847E+00
   0.241995E+03    0.258015E+04   -0.262086E+04   -0.407112E+02    0.199086E+01    0.106741E+01    0.178086E+04    0.121211E+02    0.485158E+00
   0.242495E+03    0.258981E+04   -0.263394E+04   -0.441280E+02    0.199831E+01    0.993282E+00    0.178071E+04    0.121208E+02    0.485199E+00
   0.242995E+03    0.256402E+04   -0.261574E+04   -0.517202E+02    0.197841E+01    0.108914E+01    0.178027E+04    0.121198E+02    0.485319E+00
   0.243495E+03    0.260097E+04   -0.263923E+04   -0.382521E+02    0.200692E+01    0.872749E+00    0.178119E+04    0.121219E+02    0.485070E+00
   0.243995E+03    0.260325E+04   -0.264882E+04   -0.455677E+02    0.200868E+01    0.938560E+00    0.178002E+04    0.121192E+02    0.485388E+00
   0.244495E+03    0.262208E+04   -0.266798E+04   -0.459003E+02    0.202321E+01    0.962538E+00    0.178083E+04    0.121211E+02    0.485166E+00
   0.244995E+03    0.258636E+04   -0.264396E+04   -0.575967E+02    0.199565E+01    0.102984E+01    0.178096E+04    0.121214E+02    0.485132E+00
   0.245495E+03    0.253861E+04   -0.259352E+04   -0.549143E+02    0.195880E+01    0.115083E+01    0.178112E+04    0.121217E+02    0.485087E+00
   0.245995E+03    0.263087E+04   -0.269357E+04   -0.626998E+02    0.203000E+01    0.983345E+00    0.178218E+04    0.121241E+02    0.484799E+00
   0.246495E+03    0.258483E+04   -0.265021E+04   -0.653808E+02    0.199447E+01    0.993154E+00    0.178168E+04    0.121230E+02    0.484936E+00
   0.246995E+03    0.265061E+04   -0.270585E+04   -0.552355E+02    0.204523E+01    0.849016E+00    0.178276E+04    0.121254E+02    0.484641E+00
   0.247495E+03    0.256028E+04   -0.260445E+04   -0.441679E+02    0.197553E+01    0.977875E+00    0.178309E+04    0.121262E+02    0.484553E+00
   0.247995E+03    0.256343E+04   -0.260759E+04   -0.441565E+02    0.197796E+01    0.100054E+01    0.178249E+04    0.121248E+02    0.484716E+00
   0.248495E+03    0.255565E+04   -0.259169E+04   -0.360416E+02    0.197195E+01    0.113284E+01    0.178264E+04    0.121252E+02    0.484674E+00
   0.248995E+03    0.259077E+04   -0.263770E+04   -0.469360E+02    0.199905E+01    0.997520E+00    0.178213E+04    0.121240E+02    0.484813E+00
   0.249495E+03    0.259144E+04   -0.264486E+04   -0.534154E+02    0.199957E+01    0.102516E+01    0.178201E+04    0.121237E+02    0.484847E+00
   0.249995E+03    0.258109E+04   -0.262187E+04   -0.407874E+02    0.199158E+01    0.108521E+01    0.178239E+04    0.121246E+02    0.484743E+00
   0.250495E+03    0.262202E+04   -0.267348E+04   -0.514650E+02    0.202316E+01    0.910166E+00    0.178145E+04    0.121225E+02    0.484999E+00
   0.250995E+03    0.256469E+04   -0.263548E+04   -0.707894E+02    0.197893E+01    0.952197E+00    0.177974E+04    0.121186E+02    0.485463E+00
   0.251495E+03    0.260839E+04   -0.266374E+04   -0.553500E+02    0.201264E+01    0.946707E+00    0.177914E+04    0.121172E+02    0.485628E+00
   0.251995E+03    0.258381E+04   -0.263485E+04   -0.510445E+02    0.199368E+01    0.990154E+00    0.177935E+04    0.121177E+02    0.485570E+00
   0.252495E+03    0.260881E+04   -0.265922E+04   -0.504161E+02    0.201297E+01    0.948053E+00    0.177899E+04    0.121169E+02    0.485669E+00
   0.252995E+03    0.260301E+04   -0.266451E+04   -0.615007E+02    0.200850E+01    0.108877E+01    0.177874E+04    0.121163E+02    0.485738E+00
   0.253495E+03    0.254187E+04   -0.260983E+04   -0.679600E+02    0.196132E+01    0.120916E+01    0.177966E+04    0.121184E+02    0.485486E+00
   0.253995E+03    0.258300E+04   -0.265216E+04   -0.691572E+02    0.199306E+01    0.934942E+00    0.178008E+04    0.121194E+02    0.485371E+00
   0.254495E+03    0.255524E+04   -0.261504E+04   -0.598044E+02    0.197164E+01    0.117876E+01    0.177904E+04    0.121170E+02    0.485655E+00
   0.254995E+03    0.259030E+04   -0.264462E+04   -0.543280E+02    0.199869E+01    0.111767E+01    0.177913E+04    0.121172E+02    0.485630E+00
   0.255495E+03    0.259159E+04   -0.265369E+04   -0.621039E+02    0.199968E+01    0.102775E+01    0.177912E+04    0.121172E+02    0.485633E+00
   0.255995E+03    0.263973E+04   -0.271113E+04   -0.713930E+02    0.203683E+01    0.847772E+00    0.177967E+04    0.121184E+02    0.485483E+00
   0.256495E+03    0.257888E+04   -0.264326E+04   -0.643786E+02    0.198988E+01    0.102954E+01    0.177921E+04    0.121174E+02    0.485609E+00
   0.256995E+03    0.254700E+04   -0.261744E+04   -0.704360E+02    0.196528E+01    0.112706E+01    0.177854E+04    0.121159E+02    0.485792E+00
   0.257495E+03    0.259987E+04   -0.266940E+04   -0.695290E+02    0.200607E+01    0.983812E+00    0.177759E+04    0.121137E+02    0.486051E+00
   0.257995E+03    0.261078E+04   -0.268548E+04   -0.747078E+02    0.201449E+01    0.943116E+00    0.177770E+04    0.121139E+02    0.486023E+00
   0.258495E+03    0.260965E+04   -0.268583E+04   -0.761821E+02    0.201362E+01    0.888494E+00    0.177622E+04    0.121106E+02    0.486425E+00
   0.258995E+03    0.253485E+04   -0.259542E+04   -0.605729E+02    0.195590E+01    0.118673E+01    0.177682E+04    0.121120E+02    0.486263E+00
   0.259495E+03    0.265429E+04   -0.271309E+04   -0.587994E+02    0.204806E+01    0.844628E+00    0.177772E+04    0.121140E+02    0.486017E+00
   0.259995E+03    0.261540E+04   -0.268364E+04   -0.682381E+02    0.201805E+01    0.945390E+00    0.177717E+04    0.121128E+02    0.486166E+00
   0.260495E+03    0.256469E+04   -0.263265E+04   -0.679597E+02    0.197893E+01    0.103471E+01    0.177807E+04    0.121148E+02    0.485919E+00
   0.260995E+03    0.264862E+04   -0.271846E+04   -0.698420E+02    0.204369E+01    0.711803E+00    0.177622E+04    0.121106E+02    0.486427E+00
   0.261495E+03    0.263260E+04   -0.269772E+04   -0.651247E+02    0.203132E+01    0.856117E+00    0.177545E+04    0.121089E+02    0.486637E+00
   0.261995E+03    0.254335E+04   -0.260820E+04   -0.648489E+02    0.196246E+01    0.106928E+01    0.177384E+04    0.121052E+02    0.487078E+00
   0.262495E+03    0.257632E+04   -0.264082E+04   -0.645029E+02    0.198790E+01    0.102251E+01    0.177282E+04    0.121029E+02    0.487359E+00
   0.262995E+03    0.261061E+04   -0.267391E+04   -0.632924E+02    0.201436E+01    0.893154E+00    0.177187E+04    0.121007E+02    0.487619E+00
   0.263495E+03    0.252822E+04   -0.259420E+04   -0.659814E+02    0.195079E+01    0.126981E+01    0.177123E+04    0.120992E+02    0.487798E+00
   0.263995E+03    0.258291E+04   -0.265193E+04   -0.690132E+02    0.199299E+01    0.108516E+01    0.177255E+04    0.121022E+02    0.487434E+00
   0.264495E+03    0.257293E+04   -0.264098E+04   -0.680514E+02    0.198528E+01    0.106032E+01    0.177177E+04    0.121005E+02    0.487647E+00
   0.264995E+03    0.264600E+04   -0.271640E+04   -0.704038E+02    0.204166E+01    0.809894E+00    0.177220E+04    0.121014E+02    0.487531E+00
   0.265495E+03    0.259639E+04   -0.267035E+04   -0.739627E+02    0.200338E+01    0.962131E+00    0.177147E+04    0.120998E+02    0.487732E+00
   0.265995E+03    0.254351E+04   -0.261516E+04   -0.716524E+02    0.196259E+01    0.123872E+01    0.177116E+04    0.120991E+02    0.487816E+00
   0.266495E+03    0.257789E+04   -0.264843E+04   -0.705434E+02    0.198911E+01    0.104991E+01    0.177109E+04    0.120989E+02    0.487836E+00
   0.266995E+03    0.255839E+04   -0.262441E+04   -0.660161E+02    0.197407E+01    0.110301E+01    0.177089E+04    0.120985E+02    0.487890E+00
   0.267495E+03    0.255936E+04   -0.262615E+04   -0.667969E+02    0.197481E+01    0.109109E+01    0.177014E+04    0.120968E+02    0.488096E+00
   0.267995E+03    0.261481E+04   -0.267828E+04   -0.634704E+02    0.201760E+01    0.890038E+00    0.177085E+04    0.120984E+02    0.487902E+00
   0.268495E+03    0.258391E+04   -0.264227E+04   -0.583569E+02    0.199376E+01    0.919981E+00    0.176991E+04    0.120962E+02    0.488161E+00
   0.268995E+03    0.259484E+04   -0.264800E+04   -0.531620E+02    0.200219E+01    0.109898E+01    0.177050E+04    0.120976E+02    0.487998E+00
   0.269495E+03    0.256691E+04   -0.262791E+04   -0.610046E+02    0.198064E+01    0.103810E+01    0.176997E+04    0.120964E+02    0.488145E+00
   0.269995E+03    0.259522E+04   -0.265565E+04   -0.604312E+02    0.200248E+01    0.975678E+00    0.176953E+04    0.120954E+02    0.488266E+00
   0.270495E+03    0.257672E+04   -0.265644E+04   -0.797207E+02    0.198821E+01    0.944151E+00    0.176902E+04    0.120942E+02    0.488406E+00
   0.270995E+03    0.262573E+04   -0.269492E+04   -0.691910E+02    0.202603E+01    0.102880E+01    0.176853E+04    0.120931E+02    0.488541E+00
   0.271495E+03    0.258342E+04   -0.265687E+04   -0.734518E+02    0.199338E+01    0.939060E+00    0.176904E+04    0.120943E+02    0.488401E+00
   0.271995E+03    0.259284E+04   -0.266071E+04   -0.678663E+02    0.200065E+01    0.101270E+01    0.176877E+04    0.120936E+02    0.488475E+00
   0.272495E+03    0.257619E+04   -0.263248E+04   -0.562901E+02    0.198780E+01    0.102445E+01    0.176841E+04    0.120928E+02    0.488573E+00
   0.272995E+03    0.258881E+04   -0.264972E+04   -0.609084E+02    0.199754E+01    0.104476E+01    0.176857E+04    0.120932E+02    0.488531E+00
   0.273495E+03    0.256888E+04   -0.263110E+04   -0.622195E+02    0.198216E+01    0.112655E+01    0.176902E+04    0.120942E+02    0.488406E+00
   0.273995E+03    0.267870E+04   -0.275143E+04   -0.727349E+02    0.206690E+01    0.783170E+00    0.176908E+04    0.120943E+02    0.488390E+00
   0.274495E+03    0.262781E+04   -0.270479E+04   -0.769729E+02    0.202763E+01    0.895834E+00    0.176870E+04    0.120935E+02    0.488494E+00
   0.274995E+03    0.256867E+04   -0.264897E+04   -0.802963E+02    0.198200E+01    0.101969E+01    0.176782E+04    0.120915E+02    0.488737E+00
   0.275495E+03    0.266995E+04   -0.274676E+04   -0.768168E+02    0.206014E+01    0.822931E+00    0.176813E+04    0.120922E+02    0.488653E+00
   0.275995E+03    0.255951E+04   -0.263728E+04   -0.777754E+02    0.197493E+01    0.120337E+01    0.176926E+04    0.120948E+02    0.488339E+00
   0.276495E+03    0.259736E+04   -0.268533E+04   -0.879693E+02    0.200413E+01    0.944389E+00    0.176868E+04    0.120934E+02    0.488500E+00
   0.276995E+03    0.260462E+04   -0.267434E+04   -0.697207E+02    0.200974E+01    0.968349E+00    0.176806E+04    0.120920E+02    0.488671E+00
   0.277495E+03    0.260753E+04   -0.267194E+04   -0.644122E+02    0.201198E+01    0.964324E+00    0.176831E+04    0.120926E+02    0.488603E+00
   0.277995E+03    0.260036E+04   -0.267862E+04   -0.782626E+02    0.200645E+01    0.106524E+01    0.176768E+04    0.120912E+02    0.488775E+00
   0.278495E+03    0.257967E+04   -0.267333E+04   -0.936613E+02    0.199048E+01    0.964559E+00    0.176733E+04    0.120904E+02    0.488874E+00
   0.278995E+03    0.253405E+04   -0.262203E+04   -0.879822E+02    0.195529E+01    0.123914E+01    0.176750E+04    0.120907E+02    0.488827E+00
   0.279495E+03    0.260810E+04   -0.270065E+04   -0.925422E+02    0.201243E+01    0.968594E+00    0.176759E+04    0.120909E+02    0.488802E+00
   0.279995E+03    0.263341E+04   -0.272606E+04   -0.926462E+02    0.203195E+01    0.891233E+00    0.176831E+04    0.120926E+02    0.488602E+00
   0.280495E+03    0.253662E+04   -0.261559E+04   -0.789704E+02    0.195727E+01    0.109796E+01    0.176808E+04    0.120921E+02    0.488666E+00
   0.280995E+03    0.261058E+04   -0.267990E+04   -0.693162E+02    0.201434E+01    0.920700E+00    0.176754E+04    0.120908E+02    0.488815E+00
   0.281495E+03    0.264735E+04   -0.272494E+04   -0.775854E+02    0.204271E+01    0.831895E+00    0.176788E+04    0.120916E+02    0.488722E+00
   0.281995E+03    0.264016E+04   -0.271696E+04   -0.767995E+02    0.203716E+01    0.834643E+00    0.176698E+04    0.120896E+02    0.488970E+00
   0.282495E+03    0.254083E+04   -0.261528E+04   -0.744461E+02    0.196052E+01    0.106823E+01    0.176686E+04    0.120893E+02    0.489002E+00
   0.282995E+03    0.257853E+04   -0.264473E+04   -0.662003E+02    0.198960E+01    0.106981E+01    0.176650E+04    0.120885E+02    0.489102E+00
   0.283495E+03    0.259039E+04   -0.266206E+04   -0.716673E+02    0.199876E+01    0.948489E+00    0.176551E+04    0.120862E+02    0.489376E+00
   0.283995E+03    0.259172E+04   -0.264971E+04   -0.579912E+02    0.199979E+01    0.118495E+01    0.176701E+04    0.120896E+02    0.488961E+00
   0.284495E+03    0.259227E+04   -0.265732E+04   -0.650570E+02    0.200020E+01    0.104396E+01    0.176897E+04    0.120941E+02    0.488419E+00
   0.284995E+03    0.258895E+04   -0.265694E+04   -0.679892E+02    0.199765E+01    0.994448E+00    0.176832E+04    0.120926E+02    0.488599E+00
   0.285495E+03    0.255982E+04   -0.262453E+04   -0.647086E+02    0.197517E+01    0.109356E+01    0.176828E+04    0.120925E+02    0.488609E+00
   0.285995E+03    0.260878E+04   -0.268012E+04   -0.713374E+02    0.201295E+01    0.104357E+01    0.176846E+04    0.120929E+02    0.488561E+00
   0.286495E+03    0.256923E+04   -0.264620E+04   -0.769748E+02    0.198243E+01    0.117105E+01    0.176935E+04    0.120950E+02    0.488314E+00
   0.286995E+03    0.256897E+04   -0.264910E+04   -0.801287E+02    0.198223E+01    0.102150E+01    0.176935E+04    0.120950E+02    0.488314E+00
   0.287495E+03    0.260019E+04   -0.266857E+04   -0.683765E+02    0.200632E+01    0.109250E+01    0.177066E+04    0.120979E+02    0.487954E+00
   0.287995E+03    0.254991E+04   -0.261969E+04   -0.697753E+02    0.196753E+01    0.105625E+01    0.177156E+04    0.121000E+02    0.487706E+00
   0.288495E+03    0.260786E+04   -0.267949E+04   -0.716294E+02    0.201224E+01    0.102221E+01    0.177028E+04    0.120971E+02    0.488059E+00
   0.288995E+03    0.254663E+04   -0.260728E+04   -0.606543E+02    0.196499E+01    0.119193E+01    0.177116E+04    0.120991E+02    0.487815E+00
   0.289495E+03    0.259552E+04   -0.266676E+04   -0.712437E+02    0.200272E+01    0.109847E+01    0.177150E+04    0.120999E+02    0.487721E+00
   0.289995E+03    0.257324E+04   -0.264344E+04   -0.701992E+02    0.198553E+01    0.105104E+01    0.177250E+04    0.121021E+02    0.487446E+00
   0.290495E+03    0.259379E+04   -0.263830E+04   -0.445056E+02    0.200138E+01    0.987730E+00    0.177326E+04    0.121039E+02    0.487239E+00
   0.290995E+03    0.262282E+04   -0.267833E+04   -0.555071E+02    0.202378E+01    0.911454E+00    0.177377E+04    0.121050E+02    0.487098E+00
   0.291495E+03    0.258923E+04   -0.264465E+04   -0.554158E+02    0.199786E+01    0.100800E+01    0.177379E+04    0.121051E+02    0.487093E+00
   0.291995E+03    0.260511E+04   -0.266405E+04   -0.589404E+02    0.201012E+01    0.936710E+00    0.177381E+04    0.121051E+02    0.487088E+00
   0.292495E+03    0.257591E+04   -0.262902E+04   -0.531059E+02    0.198759E+01    0.108702E+01    0.177433E+04    0.121063E+02    0.486943E+00
   0.292995E+03    0.260732E+04   -0.266355E+04   -0.562287E+02    0.201182E+01    0.866398E+00    0.177499E+04    0.121078E+02    0.486764E+00
   0.293495E+03    0.263493E+04   -0.268052E+04   -0.455953E+02    0.203312E+01    0.899161E+00    0.177454E+04    0.121068E+02    0.486887E+00
   0.293995E+03    0.263570E+04   -0.269454E+04   -0.588412E+02    0.203372E+01    0.931274E+00    0.177490E+04    0.121076E+02    0.486788E+00
   0.294495E+03    0.263207E+04   -0.270219E+04   -0.701144E+02    0.203092E+01    0.981874E+00    0.177569E+04    0.121094E+02    0.486572E+00
   0.294995E+03    0.260083E+04   -0.266813E+04   -0.673047E+02    0.200681E+01    0.102925E+01    0.177621E+04    0.121106E+02    0.486430E+00
   0.295495E+03    0.259749E+04   -0.266297E+04   -0.654751E+02    0.200424E+01    0.901429E+00    0.177676E+04    0.121118E+02    0.486280E+00
   0.295995E+03    0.258541E+04   -0.264260E+04   -0.571869E+02    0.199491E+01    0.107267E+01    0.177604E+04    0.121102E+02    0.486476E+00
   0.296495E+03    0.259815E+04   -0.264852E+04   -0.503673E+02    0.200475E+01    0.964972E+00    0.177689E+04    0.121121E+02    0.486243E+00
   0.296995E+03    0.263546E+04   -0.268373E+04   -0.482739E+02    0.203353E+01    0.882966E+00    0.177690E+04    0.121121E+02    0.486240E+00
   0.297495E+03    0.260914E+04   -0.267007E+04   -0.609320E+02    0.201322E+01    0.103594E+01    0.177694E+04    0.121122E+02    0.486230E+00
   0.297995E+03    0.261156E+04   -0.269180E+04   -0.802397E+02    0.201509E+01    0.100294E+01    0.177720E+04    0.121128E+02    0.486159E+00
   0.298495E+03    0.260934E+04   -0.269120E+04   -0.818509E+02    0.201338E+01    0.929769E+00    0.177780E+04    0.121142E+02    0.485994E+00
   0.298995E+03    0.251952E+04   -0.259530E+04   -0.757868E+02    0.194407E+01    0.111667E+01    0.177652E+04    0.121113E+02    0.486345E+00
   0.299495E+03    0.265208E+04   -0.271202E+04   -0.599413E+02    0.204636E+01    0.787360E+00    0.177591E+04    0.121099E+02    0.486512E+00
   0.299995E+03    0.261447E+04   -0.268028E+04   -0.658054E+02    0.201734E+01    0.101941E+01    0.177643E+04    0.121111E+02    0.486370E+00
