# numero de partículas   :  864
# densidad               : 0.3000
# temperatura inicial    : 2.0000
# volumen                : 0.288E+04
# rcut                   : 2.5000
# paso temporal          : 0.0050
# pasos de equilibración :  10000
# pasos de medición      :  50000
# t, Ekin, Epot, Etot, Temp, Pres, Vol, L, rho
   0.495000E+00    0.288707E+04   -0.159669E+04    0.129038E+04    0.222768E+01    0.548688E+00    0.287825E+04    0.142247E+02    0.300182E+00
   0.995000E+00    0.268263E+04   -0.157403E+04    0.110861E+04    0.206993E+01    0.593182E+00    0.287707E+04    0.142227E+02    0.300306E+00
   0.149500E+01    0.265620E+04   -0.163580E+04    0.102040E+04    0.204954E+01    0.551192E+00    0.287575E+04    0.142206E+02    0.300443E+00
   0.199500E+01    0.263009E+04   -0.166971E+04    0.960381E+03    0.202939E+01    0.556549E+00    0.287440E+04    0.142183E+02    0.300584E+00
   0.249500E+01    0.261745E+04   -0.168432E+04    0.933134E+03    0.201964E+01    0.529433E+00    0.287307E+04    0.142161E+02    0.300724E+00
   0.299500E+01    0.259000E+04   -0.166510E+04    0.924904E+03    0.199846E+01    0.495554E+00    0.287162E+04    0.142138E+02    0.300875E+00
   0.349500E+01    0.261425E+04   -0.171145E+04    0.902793E+03    0.201716E+01    0.445101E+00    0.287021E+04    0.142114E+02    0.301024E+00
   0.399500E+01    0.261813E+04   -0.170527E+04    0.912859E+03    0.202016E+01    0.397990E+00    0.286872E+04    0.142090E+02    0.301180E+00
   0.449500E+01    0.260286E+04   -0.169141E+04    0.911451E+03    0.200838E+01    0.486795E+00    0.286728E+04    0.142066E+02    0.301330E+00
   0.499500E+01    0.257658E+04   -0.166651E+04    0.910071E+03    0.198811E+01    0.511926E+00    0.286577E+04    0.142041E+02    0.301489E+00
   0.549500E+01    0.259556E+04   -0.169563E+04    0.899932E+03    0.200275E+01    0.526454E+00    0.286431E+04    0.142017E+02    0.301644E+00
   0.599500E+01    0.254642E+04   -0.164432E+04    0.902099E+03    0.196483E+01    0.550156E+00    0.286287E+04    0.141993E+02    0.301795E+00
   0.649500E+01    0.260155E+04   -0.168062E+04    0.920922E+03    0.200737E+01    0.458659E+00    0.286146E+04    0.141970E+02    0.301944E+00
   0.699500E+01    0.260078E+04   -0.166713E+04    0.933655E+03    0.200678E+01    0.471003E+00    0.286006E+04    0.141947E+02    0.302092E+00
   0.749500E+01    0.261491E+04   -0.169040E+04    0.924514E+03    0.201768E+01    0.487457E+00    0.285863E+04    0.141923E+02    0.302242E+00
   0.799500E+01    0.260768E+04   -0.169165E+04    0.916035E+03    0.201210E+01    0.492129E+00    0.285718E+04    0.141899E+02    0.302396E+00
   0.849500E+01    0.254544E+04   -0.163766E+04    0.907789E+03    0.196408E+01    0.546632E+00    0.285571E+04    0.141875E+02    0.302552E+00
   0.899500E+01    0.258833E+04   -0.167153E+04    0.916809E+03    0.199717E+01    0.499348E+00    0.285430E+04    0.141851E+02    0.302701E+00
   0.949500E+01    0.258131E+04   -0.165845E+04    0.922864E+03    0.199175E+01    0.455282E+00    0.285285E+04    0.141827E+02    0.302856E+00
   0.999500E+01    0.256944E+04   -0.164374E+04    0.925699E+03    0.198259E+01    0.512216E+00    0.285127E+04    0.141801E+02    0.303022E+00
   0.104950E+02    0.260228E+04   -0.169676E+04    0.905515E+03    0.200793E+01    0.508456E+00    0.284994E+04    0.141779E+02    0.303164E+00
   0.109950E+02    0.261178E+04   -0.171336E+04    0.898421E+03    0.201526E+01    0.469702E+00    0.284850E+04    0.141755E+02    0.303318E+00
   0.114950E+02    0.255690E+04   -0.167062E+04    0.886283E+03    0.197292E+01    0.551159E+00    0.284695E+04    0.141729E+02    0.303482E+00
   0.119950E+02    0.259288E+04   -0.170233E+04    0.890544E+03    0.200068E+01    0.431174E+00    0.284549E+04    0.141705E+02    0.303638E+00
   0.124950E+02    0.261295E+04   -0.171589E+04    0.897064E+03    0.201617E+01    0.473264E+00    0.284403E+04    0.141681E+02    0.303794E+00
   0.129950E+02    0.262500E+04   -0.173502E+04    0.889982E+03    0.202547E+01    0.532791E+00    0.284270E+04    0.141659E+02    0.303937E+00
   0.134950E+02    0.261688E+04   -0.174532E+04    0.871566E+03    0.201920E+01    0.517377E+00    0.284133E+04    0.141636E+02    0.304083E+00
   0.139950E+02    0.259435E+04   -0.171669E+04    0.877663E+03    0.200182E+01    0.439130E+00    0.283995E+04    0.141613E+02    0.304231E+00
   0.144950E+02    0.257495E+04   -0.167897E+04    0.895980E+03    0.198684E+01    0.462853E+00    0.283848E+04    0.141589E+02    0.304388E+00
   0.149950E+02    0.257176E+04   -0.167135E+04    0.900403E+03    0.198438E+01    0.582042E+00    0.283711E+04    0.141566E+02    0.304536E+00
   0.154950E+02    0.260516E+04   -0.171375E+04    0.891414E+03    0.201016E+01    0.482703E+00    0.283564E+04    0.141541E+02    0.304693E+00
   0.159950E+02    0.258407E+04   -0.169948E+04    0.884594E+03    0.199388E+01    0.526676E+00    0.283428E+04    0.141519E+02    0.304840E+00
   0.164950E+02    0.257659E+04   -0.169314E+04    0.883444E+03    0.198811E+01    0.487659E+00    0.283283E+04    0.141495E+02    0.304996E+00
   0.169950E+02    0.261518E+04   -0.171785E+04    0.897330E+03    0.201789E+01    0.447255E+00    0.283136E+04    0.141470E+02    0.305154E+00
   0.174950E+02    0.259811E+04   -0.168871E+04    0.909397E+03    0.200472E+01    0.420937E+00    0.282982E+04    0.141444E+02    0.305320E+00
   0.179950E+02    0.264702E+04   -0.174087E+04    0.906142E+03    0.204245E+01    0.413440E+00    0.282848E+04    0.141422E+02    0.305464E+00
   0.184950E+02    0.259579E+04   -0.169960E+04    0.896193E+03    0.200293E+01    0.515382E+00    0.282707E+04    0.141399E+02    0.305616E+00
   0.189950E+02    0.259339E+04   -0.168543E+04    0.907965E+03    0.200108E+01    0.430625E+00    0.282557E+04    0.141374E+02    0.305779E+00
   0.194950E+02    0.260031E+04   -0.168998E+04    0.910327E+03    0.200641E+01    0.521753E+00    0.282406E+04    0.141349E+02    0.305942E+00
   0.199950E+02    0.262764E+04   -0.172263E+04    0.905012E+03    0.202750E+01    0.438832E+00    0.282275E+04    0.141327E+02    0.306085E+00
   0.204950E+02    0.257021E+04   -0.165374E+04    0.916470E+03    0.198319E+01    0.463380E+00    0.282132E+04    0.141303E+02    0.306239E+00
   0.209950E+02    0.258749E+04   -0.166516E+04    0.922327E+03    0.199652E+01    0.540127E+00    0.281991E+04    0.141279E+02    0.306393E+00
   0.214950E+02    0.254451E+04   -0.162378E+04    0.920723E+03    0.196336E+01    0.621701E+00    0.281849E+04    0.141256E+02    0.306547E+00
   0.219950E+02    0.261536E+04   -0.169312E+04    0.922235E+03    0.201802E+01    0.509358E+00    0.281720E+04    0.141234E+02    0.306688E+00
   0.224950E+02    0.263314E+04   -0.173648E+04    0.896659E+03    0.203175E+01    0.441751E+00    0.281584E+04    0.141211E+02    0.306835E+00
   0.229950E+02    0.258735E+04   -0.168420E+04    0.903144E+03    0.199641E+01    0.536083E+00    0.281442E+04    0.141188E+02    0.306990E+00
   0.234950E+02    0.259420E+04   -0.170640E+04    0.887799E+03    0.200170E+01    0.498935E+00    0.281299E+04    0.141164E+02    0.307146E+00
   0.239950E+02    0.260171E+04   -0.171337E+04    0.888344E+03    0.200749E+01    0.473438E+00    0.281164E+04    0.141141E+02    0.307294E+00
   0.244950E+02    0.261122E+04   -0.172506E+04    0.886157E+03    0.201483E+01    0.483720E+00    0.281031E+04    0.141119E+02    0.307440E+00
   0.249950E+02    0.256960E+04   -0.168686E+04    0.882734E+03    0.198271E+01    0.512947E+00    0.280882E+04    0.141094E+02    0.307603E+00
   0.254950E+02    0.258877E+04   -0.169914E+04    0.889627E+03    0.199751E+01    0.528631E+00    0.280736E+04    0.141069E+02    0.307762E+00
   0.259950E+02    0.262675E+04   -0.174256E+04    0.884188E+03    0.202681E+01    0.502457E+00    0.280607E+04    0.141048E+02    0.307904E+00
   0.264950E+02    0.253200E+04   -0.164491E+04    0.887088E+03    0.195371E+01    0.584634E+00    0.280471E+04    0.141025E+02    0.308053E+00
   0.269950E+02    0.261213E+04   -0.171637E+04    0.895751E+03    0.201553E+01    0.410128E+00    0.280326E+04    0.141001E+02    0.308212E+00
   0.274950E+02    0.258578E+04   -0.170189E+04    0.883891E+03    0.199520E+01    0.571263E+00    0.280185E+04    0.140977E+02    0.308367E+00
   0.279950E+02    0.259033E+04   -0.171260E+04    0.877729E+03    0.199871E+01    0.468132E+00    0.280048E+04    0.140954E+02    0.308518E+00
   0.284950E+02    0.260010E+04   -0.172261E+04    0.877495E+03    0.200625E+01    0.522508E+00    0.279901E+04    0.140929E+02    0.308681E+00
   0.289950E+02    0.261159E+04   -0.175280E+04    0.858789E+03    0.201512E+01    0.487267E+00    0.279764E+04    0.140906E+02    0.308831E+00
   0.294950E+02    0.254271E+04   -0.168245E+04    0.860262E+03    0.196197E+01    0.567513E+00    0.279619E+04    0.140882E+02    0.308992E+00
   0.299950E+02    0.257331E+04   -0.170308E+04    0.870237E+03    0.198558E+01    0.480549E+00    0.279477E+04    0.140858E+02    0.309149E+00
   0.304950E+02    0.261003E+04   -0.173550E+04    0.874526E+03    0.201391E+01    0.529750E+00    0.279340E+04    0.140835E+02    0.309300E+00
   0.309950E+02    0.259397E+04   -0.172465E+04    0.869319E+03    0.200152E+01    0.474747E+00    0.279196E+04    0.140811E+02    0.309460E+00
   0.314950E+02    0.261217E+04   -0.174702E+04    0.865159E+03    0.201557E+01    0.454670E+00    0.279061E+04    0.140788E+02    0.309610E+00
   0.319950E+02    0.258360E+04   -0.171070E+04    0.872902E+03    0.199352E+01    0.418829E+00    0.278911E+04    0.140763E+02    0.309776E+00
   0.324950E+02    0.258862E+04   -0.168688E+04    0.901744E+03    0.199740E+01    0.441841E+00    0.278761E+04    0.140738E+02    0.309943E+00
   0.329950E+02    0.262155E+04   -0.171046E+04    0.911086E+03    0.202280E+01    0.489748E+00    0.278631E+04    0.140716E+02    0.310088E+00
   0.334950E+02    0.259817E+04   -0.168399E+04    0.914180E+03    0.200476E+01    0.482758E+00    0.278501E+04    0.140694E+02    0.310233E+00
   0.339950E+02    0.261640E+04   -0.172526E+04    0.891142E+03    0.201883E+01    0.472097E+00    0.278354E+04    0.140669E+02    0.310396E+00
   0.344950E+02    0.263074E+04   -0.175889E+04    0.871844E+03    0.202989E+01    0.449624E+00    0.278216E+04    0.140646E+02    0.310551E+00
   0.349950E+02    0.258990E+04   -0.172941E+04    0.860493E+03    0.199838E+01    0.519751E+00    0.278078E+04    0.140623E+02    0.310704E+00
   0.354950E+02    0.257844E+04   -0.170456E+04    0.873882E+03    0.198954E+01    0.487600E+00    0.277947E+04    0.140601E+02    0.310850E+00
   0.359950E+02    0.260275E+04   -0.171488E+04    0.887872E+03    0.200829E+01    0.425077E+00    0.277803E+04    0.140576E+02    0.311011E+00
   0.364950E+02    0.256672E+04   -0.166972E+04    0.897002E+03    0.198050E+01    0.552817E+00    0.277668E+04    0.140554E+02    0.311163E+00
   0.369950E+02    0.255474E+04   -0.166274E+04    0.892009E+03    0.197125E+01    0.664395E+00    0.277539E+04    0.140532E+02    0.311307E+00
   0.374950E+02    0.257846E+04   -0.171031E+04    0.868152E+03    0.198955E+01    0.567658E+00    0.277415E+04    0.140511E+02    0.311446E+00
   0.379950E+02    0.259511E+04   -0.172317E+04    0.871942E+03    0.200240E+01    0.434309E+00    0.277276E+04    0.140487E+02    0.311603E+00
   0.384950E+02    0.264248E+04   -0.177266E+04    0.869821E+03    0.203895E+01    0.476056E+00    0.277137E+04    0.140464E+02    0.311759E+00
   0.389950E+02    0.260119E+04   -0.174275E+04    0.858447E+03    0.200709E+01    0.516590E+00    0.277004E+04    0.140441E+02    0.311909E+00
   0.394950E+02    0.259489E+04   -0.173825E+04    0.856642E+03    0.200223E+01    0.497667E+00    0.276878E+04    0.140420E+02    0.312051E+00
   0.399950E+02    0.258326E+04   -0.172142E+04    0.861847E+03    0.199326E+01    0.567388E+00    0.276747E+04    0.140398E+02    0.312199E+00
   0.404950E+02    0.258535E+04   -0.172480E+04    0.860549E+03    0.199487E+01    0.512153E+00    0.276608E+04    0.140374E+02    0.312356E+00
   0.409950E+02    0.259508E+04   -0.172720E+04    0.867881E+03    0.200237E+01    0.565172E+00    0.276476E+04    0.140352E+02    0.312505E+00
   0.414950E+02    0.258063E+04   -0.172054E+04    0.860086E+03    0.199123E+01    0.513859E+00    0.276347E+04    0.140330E+02    0.312650E+00
   0.419950E+02    0.264157E+04   -0.177168E+04    0.869895E+03    0.203825E+01    0.448949E+00    0.276217E+04    0.140308E+02    0.312797E+00
   0.424950E+02    0.260193E+04   -0.172969E+04    0.872243E+03    0.200766E+01    0.542757E+00    0.276087E+04    0.140286E+02    0.312945E+00
   0.429950E+02    0.261192E+04   -0.173517E+04    0.876750E+03    0.201537E+01    0.457950E+00    0.275957E+04    0.140264E+02    0.313093E+00
   0.434950E+02    0.257350E+04   -0.170852E+04    0.864982E+03    0.198573E+01    0.568149E+00    0.275820E+04    0.140241E+02    0.313248E+00
   0.439950E+02    0.259458E+04   -0.173977E+04    0.854815E+03    0.200199E+01    0.555806E+00    0.275682E+04    0.140218E+02    0.313404E+00
   0.444950E+02    0.263131E+04   -0.179311E+04    0.838203E+03    0.203033E+01    0.437452E+00    0.275545E+04    0.140194E+02    0.313561E+00
   0.449950E+02    0.256781E+04   -0.171847E+04    0.849342E+03    0.198133E+01    0.514612E+00    0.275410E+04    0.140172E+02    0.313714E+00
   0.454950E+02    0.256368E+04   -0.170489E+04    0.858786E+03    0.197815E+01    0.516530E+00    0.275267E+04    0.140147E+02    0.313877E+00
   0.459950E+02    0.260722E+04   -0.174591E+04    0.861309E+03    0.201174E+01    0.487349E+00    0.275132E+04    0.140124E+02    0.314032E+00
   0.464950E+02    0.259414E+04   -0.173135E+04    0.862792E+03    0.200165E+01    0.466568E+00    0.274994E+04    0.140101E+02    0.314188E+00
   0.469950E+02    0.257886E+04   -0.171863E+04    0.860230E+03    0.198986E+01    0.489130E+00    0.274848E+04    0.140076E+02    0.314355E+00
   0.474950E+02    0.259357E+04   -0.172827E+04    0.865292E+03    0.200121E+01    0.463616E+00    0.274715E+04    0.140054E+02    0.314508E+00
   0.479950E+02    0.258786E+04   -0.173690E+04    0.850958E+03    0.199680E+01    0.558821E+00    0.274574E+04    0.140030E+02    0.314670E+00
   0.484950E+02    0.262053E+04   -0.176078E+04    0.859747E+03    0.202201E+01    0.497878E+00    0.274445E+04    0.140008E+02    0.314817E+00
   0.489950E+02    0.263437E+04   -0.178990E+04    0.844466E+03    0.203269E+01    0.457153E+00    0.274314E+04    0.139985E+02    0.314968E+00
   0.494950E+02    0.258770E+04   -0.174773E+04    0.839969E+03    0.199668E+01    0.551647E+00    0.274182E+04    0.139963E+02    0.315119E+00
   0.499950E+02    0.257120E+04   -0.173422E+04    0.836984E+03    0.198395E+01    0.556362E+00    0.274055E+04    0.139941E+02    0.315265E+00
   0.504950E+02    0.259644E+04   -0.174738E+04    0.849061E+03    0.200342E+01    0.500540E+00    0.273929E+04    0.139920E+02    0.315410E+00
   0.509950E+02    0.256152E+04   -0.171933E+04    0.842185E+03    0.197648E+01    0.554699E+00    0.273799E+04    0.139898E+02    0.315560E+00
   0.514950E+02    0.261062E+04   -0.176453E+04    0.846095E+03    0.201437E+01    0.471745E+00    0.273666E+04    0.139875E+02    0.315713E+00
   0.519950E+02    0.259768E+04   -0.173809E+04    0.859593E+03    0.200439E+01    0.544075E+00    0.273538E+04    0.139853E+02    0.315861E+00
   0.524950E+02    0.257732E+04   -0.172876E+04    0.848557E+03    0.198867E+01    0.627012E+00    0.273411E+04    0.139832E+02    0.316007E+00
   0.529950E+02    0.260469E+04   -0.178166E+04    0.823030E+03    0.200980E+01    0.492294E+00    0.273278E+04    0.139809E+02    0.316162E+00
   0.534950E+02    0.261018E+04   -0.179334E+04    0.816844E+03    0.201403E+01    0.451043E+00    0.273137E+04    0.139785E+02    0.316325E+00
   0.539950E+02    0.256288E+04   -0.172874E+04    0.834144E+03    0.197753E+01    0.493620E+00    0.273008E+04    0.139763E+02    0.316474E+00
   0.544950E+02    0.253642E+04   -0.168855E+04    0.847865E+03    0.195711E+01    0.616290E+00    0.272872E+04    0.139740E+02    0.316632E+00
   0.549950E+02    0.260421E+04   -0.176005E+04    0.844166E+03    0.200942E+01    0.497023E+00    0.272737E+04    0.139717E+02    0.316789E+00
   0.554950E+02    0.263315E+04   -0.180405E+04    0.829103E+03    0.203175E+01    0.436960E+00    0.272606E+04    0.139694E+02    0.316941E+00
   0.559950E+02    0.256685E+04   -0.174259E+04    0.824260E+03    0.198060E+01    0.535552E+00    0.272465E+04    0.139670E+02    0.317105E+00
   0.564950E+02    0.258059E+04   -0.176120E+04    0.819389E+03    0.199119E+01    0.553927E+00    0.272332E+04    0.139647E+02    0.317260E+00
   0.569950E+02    0.257594E+04   -0.176414E+04    0.811804E+03    0.198761E+01    0.536329E+00    0.272199E+04    0.139625E+02    0.317415E+00
   0.574950E+02    0.258751E+04   -0.177317E+04    0.814340E+03    0.199654E+01    0.561323E+00    0.272065E+04    0.139602E+02    0.317571E+00
   0.579950E+02    0.261402E+04   -0.179128E+04    0.822734E+03    0.201699E+01    0.438780E+00    0.271929E+04    0.139578E+02    0.317730E+00
   0.584950E+02    0.258868E+04   -0.177760E+04    0.811075E+03    0.199744E+01    0.541960E+00    0.271795E+04    0.139556E+02    0.317886E+00
   0.589950E+02    0.258726E+04   -0.175918E+04    0.828075E+03    0.199634E+01    0.451408E+00    0.271669E+04    0.139534E+02    0.318034E+00
   0.594950E+02    0.259643E+04   -0.176831E+04    0.828116E+03    0.200342E+01    0.471382E+00    0.271533E+04    0.139511E+02    0.318194E+00
   0.599950E+02    0.257385E+04   -0.174738E+04    0.826471E+03    0.198599E+01    0.560496E+00    0.271393E+04    0.139487E+02    0.318358E+00
   0.604950E+02    0.256912E+04   -0.173656E+04    0.832562E+03    0.198234E+01    0.537047E+00    0.271269E+04    0.139466E+02    0.318503E+00
   0.609950E+02    0.258261E+04   -0.176465E+04    0.817961E+03    0.199276E+01    0.515397E+00    0.271133E+04    0.139442E+02    0.318663E+00
   0.614950E+02    0.257887E+04   -0.175435E+04    0.824527E+03    0.198987E+01    0.522183E+00    0.271002E+04    0.139420E+02    0.318817E+00
   0.619950E+02    0.257588E+04   -0.174161E+04    0.834268E+03    0.198756E+01    0.551162E+00    0.270876E+04    0.139398E+02    0.318965E+00
   0.624950E+02    0.258056E+04   -0.175372E+04    0.826836E+03    0.199117E+01    0.563353E+00    0.270740E+04    0.139375E+02    0.319126E+00
   0.629950E+02    0.260241E+04   -0.176873E+04    0.833685E+03    0.200803E+01    0.532124E+00    0.270620E+04    0.139354E+02    0.319267E+00
   0.634950E+02    0.256940E+04   -0.173290E+04    0.836498E+03    0.198256E+01    0.552447E+00    0.270491E+04    0.139332E+02    0.319420E+00
   0.639950E+02    0.259883E+04   -0.174709E+04    0.851740E+03    0.200527E+01    0.522916E+00    0.270365E+04    0.139310E+02    0.319567E+00
   0.644950E+02    0.259200E+04   -0.173737E+04    0.854629E+03    0.200000E+01    0.525389E+00    0.270234E+04    0.139288E+02    0.319723E+00
   0.649950E+02    0.255805E+04   -0.170592E+04    0.852138E+03    0.197381E+01    0.613762E+00    0.270104E+04    0.139266E+02    0.319877E+00
   0.654950E+02    0.261011E+04   -0.176047E+04    0.849638E+03    0.201397E+01    0.457369E+00    0.269971E+04    0.139243E+02    0.320035E+00
   0.659950E+02    0.254760E+04   -0.169755E+04    0.850049E+03    0.196574E+01    0.573889E+00    0.269830E+04    0.139218E+02    0.320201E+00
   0.664950E+02    0.258395E+04   -0.172773E+04    0.856226E+03    0.199379E+01    0.552779E+00    0.269704E+04    0.139197E+02    0.320351E+00
   0.669950E+02    0.259438E+04   -0.174526E+04    0.849122E+03    0.200183E+01    0.526398E+00    0.269580E+04    0.139175E+02    0.320499E+00
   0.674950E+02    0.257916E+04   -0.172136E+04    0.857807E+03    0.199010E+01    0.555252E+00    0.269453E+04    0.139154E+02    0.320650E+00
   0.679950E+02    0.259261E+04   -0.174226E+04    0.850348E+03    0.200047E+01    0.485423E+00    0.269328E+04    0.139132E+02    0.320798E+00
   0.684950E+02    0.259449E+04   -0.173128E+04    0.863204E+03    0.200192E+01    0.472628E+00    0.269199E+04    0.139110E+02    0.320952E+00
   0.689950E+02    0.260928E+04   -0.175684E+04    0.852434E+03    0.201333E+01    0.534727E+00    0.269069E+04    0.139087E+02    0.321107E+00
   0.694950E+02    0.259496E+04   -0.176675E+04    0.828218E+03    0.200229E+01    0.551298E+00    0.268940E+04    0.139065E+02    0.321261E+00
   0.699950E+02    0.254845E+04   -0.174353E+04    0.804913E+03    0.196639E+01    0.534915E+00    0.268806E+04    0.139042E+02    0.321421E+00
   0.704950E+02    0.257241E+04   -0.175750E+04    0.814911E+03    0.198489E+01    0.575249E+00    0.268674E+04    0.139019E+02    0.321579E+00
   0.709950E+02    0.259346E+04   -0.178000E+04    0.813462E+03    0.200113E+01    0.591934E+00    0.268547E+04    0.138997E+02    0.321731E+00
   0.714950E+02    0.257916E+04   -0.177734E+04    0.801816E+03    0.199009E+01    0.516128E+00    0.268422E+04    0.138976E+02    0.321881E+00
   0.719950E+02    0.263416E+04   -0.183409E+04    0.800070E+03    0.203253E+01    0.446111E+00    0.268283E+04    0.138952E+02    0.322048E+00
   0.724950E+02    0.258042E+04   -0.177690E+04    0.803521E+03    0.199106E+01    0.563099E+00    0.268162E+04    0.138931E+02    0.322194E+00
   0.729950E+02    0.261490E+04   -0.182321E+04    0.791693E+03    0.201767E+01    0.405227E+00    0.268030E+04    0.138908E+02    0.322352E+00
   0.734950E+02    0.255753E+04   -0.175643E+04    0.801097E+03    0.197340E+01    0.531862E+00    0.267888E+04    0.138884E+02    0.322523E+00
   0.739950E+02    0.261092E+04   -0.180388E+04    0.807037E+03    0.201460E+01    0.472685E+00    0.267758E+04    0.138861E+02    0.322679E+00
   0.744950E+02    0.260393E+04   -0.179624E+04    0.807685E+03    0.200920E+01    0.488909E+00    0.267622E+04    0.138838E+02    0.322843E+00
   0.749950E+02    0.259921E+04   -0.179152E+04    0.807688E+03    0.200556E+01    0.531015E+00    0.267502E+04    0.138817E+02    0.322988E+00
   0.754950E+02    0.257395E+04   -0.176508E+04    0.808863E+03    0.198607E+01    0.588359E+00    0.267382E+04    0.138796E+02    0.323133E+00
   0.759950E+02    0.261663E+04   -0.181016E+04    0.806473E+03    0.201900E+01    0.467379E+00    0.267255E+04    0.138774E+02    0.323287E+00
   0.764950E+02    0.253347E+04   -0.173082E+04    0.802643E+03    0.195484E+01    0.623372E+00    0.267127E+04    0.138752E+02    0.323441E+00
   0.769950E+02    0.256739E+04   -0.175179E+04    0.815599E+03    0.198101E+01    0.571743E+00    0.266997E+04    0.138729E+02    0.323599E+00
   0.774950E+02    0.259396E+04   -0.176621E+04    0.827749E+03    0.200151E+01    0.589405E+00    0.266882E+04    0.138710E+02    0.323738E+00
   0.779950E+02    0.258390E+04   -0.177102E+04    0.812880E+03    0.199375E+01    0.550379E+00    0.266759E+04    0.138688E+02    0.323887E+00
   0.784950E+02    0.258555E+04   -0.178769E+04    0.797857E+03    0.199502E+01    0.594903E+00    0.266640E+04    0.138668E+02    0.324033E+00
   0.789950E+02    0.257315E+04   -0.178266E+04    0.790489E+03    0.198546E+01    0.534368E+00    0.266514E+04    0.138646E+02    0.324186E+00
   0.794950E+02    0.257286E+04   -0.177280E+04    0.800056E+03    0.198523E+01    0.588788E+00    0.266394E+04    0.138625E+02    0.324331E+00
   0.799950E+02    0.258732E+04   -0.178269E+04    0.804624E+03    0.199639E+01    0.550249E+00    0.266273E+04    0.138604E+02    0.324479E+00
   0.804950E+02    0.256733E+04   -0.176914E+04    0.798189E+03    0.198096E+01    0.549132E+00    0.266143E+04    0.138582E+02    0.324637E+00
   0.809950E+02    0.257515E+04   -0.177423E+04    0.800923E+03    0.198700E+01    0.544361E+00    0.266014E+04    0.138559E+02    0.324796E+00
   0.814950E+02    0.262439E+04   -0.181927E+04    0.805117E+03    0.202499E+01    0.520231E+00    0.265887E+04    0.138537E+02    0.324950E+00
   0.819950E+02    0.263178E+04   -0.183744E+04    0.794341E+03    0.203069E+01    0.426068E+00    0.265764E+04    0.138516E+02    0.325101E+00
   0.824950E+02    0.258916E+04   -0.181205E+04    0.777107E+03    0.199781E+01    0.560661E+00    0.265639E+04    0.138494E+02    0.325253E+00
   0.829950E+02    0.261868E+04   -0.185164E+04    0.767040E+03    0.202058E+01    0.467135E+00    0.265507E+04    0.138471E+02    0.325415E+00
   0.834950E+02    0.257457E+04   -0.180415E+04    0.770424E+03    0.198655E+01    0.569816E+00    0.265384E+04    0.138450E+02    0.325566E+00
   0.839950E+02    0.257262E+04   -0.179222E+04    0.780397E+03    0.198504E+01    0.524925E+00    0.265259E+04    0.138428E+02    0.325720E+00
   0.844950E+02    0.256850E+04   -0.178025E+04    0.788248E+03    0.198187E+01    0.516254E+00    0.265124E+04    0.138404E+02    0.325885E+00
   0.849950E+02    0.259350E+04   -0.180063E+04    0.792869E+03    0.200116E+01    0.581166E+00    0.265012E+04    0.138385E+02    0.326023E+00
   0.854950E+02    0.261497E+04   -0.181948E+04    0.795492E+03    0.201772E+01    0.466222E+00    0.264885E+04    0.138363E+02    0.326179E+00
   0.859950E+02    0.258526E+04   -0.178679E+04    0.798467E+03    0.199480E+01    0.499383E+00    0.264750E+04    0.138339E+02    0.326345E+00
   0.864950E+02    0.259303E+04   -0.179976E+04    0.793273E+03    0.200080E+01    0.545981E+00    0.264620E+04    0.138317E+02    0.326505E+00
   0.869950E+02    0.259468E+04   -0.180256E+04    0.792117E+03    0.200207E+01    0.552224E+00    0.264498E+04    0.138295E+02    0.326656E+00
   0.874950E+02    0.259026E+04   -0.179044E+04    0.799818E+03    0.199865E+01    0.482666E+00    0.264371E+04    0.138273E+02    0.326813E+00
   0.879950E+02    0.259070E+04   -0.178846E+04    0.802243E+03    0.199900E+01    0.506496E+00    0.264239E+04    0.138250E+02    0.326977E+00
   0.884950E+02    0.258796E+04   -0.178323E+04    0.804728E+03    0.199688E+01    0.596353E+00    0.264115E+04    0.138229E+02    0.327130E+00
   0.889950E+02    0.257746E+04   -0.177453E+04    0.802931E+03    0.198878E+01    0.561396E+00    0.264003E+04    0.138209E+02    0.327269E+00
   0.894950E+02    0.256451E+04   -0.176420E+04    0.800303E+03    0.197879E+01    0.607450E+00    0.263876E+04    0.138187E+02    0.327426E+00
   0.899950E+02    0.257091E+04   -0.177892E+04    0.791992E+03    0.198373E+01    0.688693E+00    0.263763E+04    0.138167E+02    0.327566E+00
   0.904950E+02    0.261013E+04   -0.183016E+04    0.779966E+03    0.201399E+01    0.553239E+00    0.263643E+04    0.138146E+02    0.327716E+00
   0.909950E+02    0.260089E+04   -0.183388E+04    0.767014E+03    0.200686E+01    0.475094E+00    0.263517E+04    0.138124E+02    0.327872E+00
   0.914950E+02    0.253175E+04   -0.176041E+04    0.771338E+03    0.195351E+01    0.595566E+00    0.263385E+04    0.138101E+02    0.328037E+00
   0.919950E+02    0.259315E+04   -0.181591E+04    0.777244E+03    0.200089E+01    0.515366E+00    0.263251E+04    0.138078E+02    0.328204E+00
   0.924950E+02    0.259432E+04   -0.180814E+04    0.786176E+03    0.200179E+01    0.473674E+00    0.263129E+04    0.138056E+02    0.328356E+00
   0.929950E+02    0.262202E+04   -0.183294E+04    0.789081E+03    0.202317E+01    0.529391E+00    0.262999E+04    0.138033E+02    0.328519E+00
   0.934950E+02    0.257965E+04   -0.180536E+04    0.774290E+03    0.199047E+01    0.546361E+00    0.262882E+04    0.138013E+02    0.328664E+00
   0.939950E+02    0.259161E+04   -0.181918E+04    0.772434E+03    0.199970E+01    0.475273E+00    0.262754E+04    0.137991E+02    0.328825E+00
   0.944950E+02    0.261693E+04   -0.184927E+04    0.767664E+03    0.201924E+01    0.473684E+00    0.262622E+04    0.137968E+02    0.328990E+00
   0.949950E+02    0.260094E+04   -0.182671E+04    0.774224E+03    0.200689E+01    0.534613E+00    0.262504E+04    0.137947E+02    0.329137E+00
   0.954950E+02    0.257363E+04   -0.179233E+04    0.781294E+03    0.198582E+01    0.508598E+00    0.262383E+04    0.137926E+02    0.329289E+00
   0.959950E+02    0.256139E+04   -0.178288E+04    0.778514E+03    0.197638E+01    0.581320E+00    0.262260E+04    0.137904E+02    0.329444E+00
   0.964950E+02    0.257689E+04   -0.179419E+04    0.782694E+03    0.198834E+01    0.552118E+00    0.262135E+04    0.137882E+02    0.329601E+00
   0.969950E+02    0.257057E+04   -0.178447E+04    0.786100E+03    0.198347E+01    0.540269E+00    0.262009E+04    0.137860E+02    0.329760E+00
   0.974950E+02    0.255687E+04   -0.177138E+04    0.785491E+03    0.197290E+01    0.567646E+00    0.261882E+04    0.137838E+02    0.329919E+00
   0.979950E+02    0.261368E+04   -0.183359E+04    0.780086E+03    0.201673E+01    0.560546E+00    0.261765E+04    0.137817E+02    0.330067E+00
   0.984950E+02    0.260414E+04   -0.184349E+04    0.760645E+03    0.200937E+01    0.547937E+00    0.261644E+04    0.137796E+02    0.330220E+00
   0.989950E+02    0.260984E+04   -0.184615E+04    0.763690E+03    0.201376E+01    0.528174E+00    0.261519E+04    0.137774E+02    0.330377E+00
   0.994950E+02    0.259980E+04   -0.182313E+04    0.776669E+03    0.200602E+01    0.539501E+00    0.261404E+04    0.137754E+02    0.330523E+00
   0.999950E+02    0.253216E+04   -0.175260E+04    0.779553E+03    0.195382E+01    0.646908E+00    0.261283E+04    0.137733E+02    0.330675E+00
   0.100495E+03    0.261971E+04   -0.183017E+04    0.789532E+03    0.202138E+01    0.440724E+00    0.261159E+04    0.137711E+02    0.330833E+00
   0.100995E+03    0.260777E+04   -0.181833E+04    0.789446E+03    0.201217E+01    0.544132E+00    0.261038E+04    0.137690E+02    0.330987E+00
   0.101495E+03    0.259617E+04   -0.180962E+04    0.786551E+03    0.200322E+01    0.568541E+00    0.260924E+04    0.137670E+02    0.331131E+00
   0.101995E+03    0.263331E+04   -0.185952E+04    0.773786E+03    0.203188E+01    0.491874E+00    0.260796E+04    0.137647E+02    0.331293E+00
   0.102495E+03    0.258323E+04   -0.182439E+04    0.758838E+03    0.199323E+01    0.627315E+00    0.260687E+04    0.137628E+02    0.331432E+00
   0.102995E+03    0.256657E+04   -0.179499E+04    0.771578E+03    0.198038E+01    0.506978E+00    0.260570E+04    0.137607E+02    0.331580E+00
   0.103495E+03    0.258615E+04   -0.180361E+04    0.782539E+03    0.199549E+01    0.517612E+00    0.260448E+04    0.137586E+02    0.331736E+00
   0.103995E+03    0.262007E+04   -0.183960E+04    0.780468E+03    0.202166E+01    0.469703E+00    0.260325E+04    0.137564E+02    0.331892E+00
   0.104495E+03    0.261860E+04   -0.185557E+04    0.763033E+03    0.202053E+01    0.522159E+00    0.260204E+04    0.137543E+02    0.332048E+00
   0.104995E+03    0.257061E+04   -0.182534E+04    0.745269E+03    0.198350E+01    0.579202E+00    0.260090E+04    0.137523E+02    0.332192E+00
   0.105495E+03    0.257151E+04   -0.181434E+04    0.757177E+03    0.198419E+01    0.574544E+00    0.259977E+04    0.137503E+02    0.332337E+00
   0.105995E+03    0.260285E+04   -0.184234E+04    0.760506E+03    0.200837E+01    0.546652E+00    0.259861E+04    0.137482E+02    0.332485E+00
   0.106495E+03    0.260461E+04   -0.185249E+04    0.752126E+03    0.200973E+01    0.523287E+00    0.259744E+04    0.137462E+02    0.332635E+00
   0.106995E+03    0.260474E+04   -0.183798E+04    0.766766E+03    0.200983E+01    0.511018E+00    0.259618E+04    0.137440E+02    0.332797E+00
   0.107495E+03    0.256508E+04   -0.180455E+04    0.760530E+03    0.197923E+01    0.578711E+00    0.259500E+04    0.137419E+02    0.332948E+00
   0.107995E+03    0.258769E+04   -0.184013E+04    0.747558E+03    0.199668E+01    0.619883E+00    0.259384E+04    0.137398E+02    0.333096E+00
   0.108495E+03    0.257809E+04   -0.182321E+04    0.754886E+03    0.198927E+01    0.524486E+00    0.259268E+04    0.137378E+02    0.333246E+00
   0.108995E+03    0.256892E+04   -0.179485E+04    0.774064E+03    0.198219E+01    0.598193E+00    0.259165E+04    0.137360E+02    0.333378E+00
   0.109495E+03    0.260391E+04   -0.183128E+04    0.772632E+03    0.200919E+01    0.484113E+00    0.259034E+04    0.137336E+02    0.333547E+00
   0.109995E+03    0.262591E+04   -0.184737E+04    0.778542E+03    0.202617E+01    0.498575E+00    0.258922E+04    0.137317E+02    0.333691E+00
   0.110495E+03    0.255658E+04   -0.179056E+04    0.766021E+03    0.197267E+01    0.630780E+00    0.258802E+04    0.137295E+02    0.333846E+00
   0.110995E+03    0.258532E+04   -0.181159E+04    0.773729E+03    0.199484E+01    0.525701E+00    0.258690E+04    0.137276E+02    0.333990E+00
   0.111495E+03    0.265483E+04   -0.188202E+04    0.772808E+03    0.204848E+01    0.439389E+00    0.258570E+04    0.137254E+02    0.334145E+00
   0.111995E+03    0.255260E+04   -0.178649E+04    0.766111E+03    0.196960E+01    0.642050E+00    0.258456E+04    0.137234E+02    0.334292E+00
   0.112495E+03    0.257676E+04   -0.180358E+04    0.773174E+03    0.198824E+01    0.552597E+00    0.258351E+04    0.137216E+02    0.334429E+00
   0.112995E+03    0.259596E+04   -0.182249E+04    0.773468E+03    0.200305E+01    0.599613E+00    0.258234E+04    0.137195E+02    0.334580E+00
   0.113495E+03    0.257819E+04   -0.182723E+04    0.750962E+03    0.198934E+01    0.649510E+00    0.258128E+04    0.137176E+02    0.334718E+00
   0.113995E+03    0.260422E+04   -0.185234E+04    0.751886E+03    0.200943E+01    0.528381E+00    0.258021E+04    0.137157E+02    0.334857E+00
   0.114495E+03    0.258854E+04   -0.183921E+04    0.749338E+03    0.199733E+01    0.539160E+00    0.257895E+04    0.137135E+02    0.335021E+00
   0.114995E+03    0.261469E+04   -0.185362E+04    0.761070E+03    0.201751E+01    0.510526E+00    0.257784E+04    0.137115E+02    0.335165E+00
   0.115495E+03    0.258456E+04   -0.182976E+04    0.754805E+03    0.199426E+01    0.561590E+00    0.257667E+04    0.137094E+02    0.335317E+00
   0.115995E+03    0.260937E+04   -0.185691E+04    0.752464E+03    0.201340E+01    0.609751E+00    0.257555E+04    0.137074E+02    0.335463E+00
   0.116495E+03    0.260008E+04   -0.186448E+04    0.735606E+03    0.200624E+01    0.517918E+00    0.257442E+04    0.137054E+02    0.335610E+00
   0.116995E+03    0.259564E+04   -0.186122E+04    0.734421E+03    0.200281E+01    0.567214E+00    0.257324E+04    0.137034E+02    0.335763E+00
   0.117495E+03    0.258912E+04   -0.186186E+04    0.727257E+03    0.199778E+01    0.601404E+00    0.257216E+04    0.137014E+02    0.335904E+00
   0.117995E+03    0.260725E+04   -0.188644E+04    0.720813E+03    0.201177E+01    0.519619E+00    0.257099E+04    0.136994E+02    0.336057E+00
   0.118495E+03    0.256765E+04   -0.183817E+04    0.729479E+03    0.198121E+01    0.597758E+00    0.256990E+04    0.136974E+02    0.336200E+00
   0.118995E+03    0.261308E+04   -0.189970E+04    0.713381E+03    0.201627E+01    0.544477E+00    0.256870E+04    0.136953E+02    0.336357E+00
   0.119495E+03    0.256612E+04   -0.185447E+04    0.711649E+03    0.198003E+01    0.521735E+00    0.256746E+04    0.136931E+02    0.336519E+00
   0.119995E+03    0.256177E+04   -0.182889E+04    0.732883E+03    0.197667E+01    0.615874E+00    0.256627E+04    0.136910E+02    0.336675E+00
   0.120495E+03    0.257409E+04   -0.182987E+04    0.744225E+03    0.198618E+01    0.638944E+00    0.256521E+04    0.136891E+02    0.336814E+00
   0.120995E+03    0.256506E+04   -0.183002E+04    0.735035E+03    0.197921E+01    0.675876E+00    0.256408E+04    0.136871E+02    0.336963E+00
   0.121495E+03    0.257235E+04   -0.184425E+04    0.728105E+03    0.198484E+01    0.628600E+00    0.256303E+04    0.136852E+02    0.337101E+00
   0.121995E+03    0.259037E+04   -0.186359E+04    0.726781E+03    0.199874E+01    0.523819E+00    0.256186E+04    0.136831E+02    0.337255E+00
   0.122495E+03    0.261382E+04   -0.187419E+04    0.739624E+03    0.201683E+01    0.476902E+00    0.256070E+04    0.136810E+02    0.337408E+00
   0.122995E+03    0.257038E+04   -0.184618E+04    0.724196E+03    0.198332E+01    0.622012E+00    0.255951E+04    0.136789E+02    0.337564E+00
   0.123495E+03    0.258556E+04   -0.186713E+04    0.718431E+03    0.199503E+01    0.530733E+00    0.255832E+04    0.136768E+02    0.337722E+00
   0.123995E+03    0.256499E+04   -0.183830E+04    0.726689E+03    0.197916E+01    0.569847E+00    0.255715E+04    0.136747E+02    0.337876E+00
   0.124495E+03    0.260294E+04   -0.185894E+04    0.744005E+03    0.200844E+01    0.486880E+00    0.255602E+04    0.136727E+02    0.338025E+00
   0.124995E+03    0.261020E+04   -0.187065E+04    0.739544E+03    0.201404E+01    0.623456E+00    0.255490E+04    0.136707E+02    0.338173E+00
   0.125495E+03    0.258779E+04   -0.184063E+04    0.747162E+03    0.199675E+01    0.512182E+00    0.255378E+04    0.136687E+02    0.338322E+00
   0.125995E+03    0.258941E+04   -0.185407E+04    0.735338E+03    0.199800E+01    0.631505E+00    0.255263E+04    0.136667E+02    0.338474E+00
   0.126495E+03    0.258221E+04   -0.184820E+04    0.734014E+03    0.199245E+01    0.542927E+00    0.255156E+04    0.136648E+02    0.338616E+00
   0.126995E+03    0.258809E+04   -0.184500E+04    0.743090E+03    0.199698E+01    0.584037E+00    0.255047E+04    0.136628E+02    0.338761E+00
   0.127495E+03    0.261220E+04   -0.187184E+04    0.740363E+03    0.201559E+01    0.526604E+00    0.254936E+04    0.136608E+02    0.338908E+00
   0.127995E+03    0.258105E+04   -0.185119E+04    0.729866E+03    0.199155E+01    0.564885E+00    0.254827E+04    0.136589E+02    0.339053E+00
   0.128495E+03    0.258321E+04   -0.184705E+04    0.736151E+03    0.199321E+01    0.568190E+00    0.254717E+04    0.136569E+02    0.339200E+00
   0.128995E+03    0.262316E+04   -0.190456E+04    0.718595E+03    0.202404E+01    0.576583E+00    0.254607E+04    0.136549E+02    0.339347E+00
   0.129495E+03    0.259704E+04   -0.188525E+04    0.711789E+03    0.200389E+01    0.575529E+00    0.254501E+04    0.136531E+02    0.339487E+00
   0.129995E+03    0.260487E+04   -0.189795E+04    0.706922E+03    0.200993E+01    0.551885E+00    0.254388E+04    0.136510E+02    0.339639E+00
   0.130495E+03    0.258332E+04   -0.187300E+04    0.710322E+03    0.199330E+01    0.576459E+00    0.254283E+04    0.136492E+02    0.339779E+00
   0.130995E+03    0.261914E+04   -0.191722E+04    0.701923E+03    0.202094E+01    0.487399E+00    0.254166E+04    0.136471E+02    0.339935E+00
   0.131495E+03    0.255395E+04   -0.185071E+04    0.703240E+03    0.197064E+01    0.633859E+00    0.254058E+04    0.136451E+02    0.340079E+00
   0.131995E+03    0.258301E+04   -0.186455E+04    0.718459E+03    0.199307E+01    0.517942E+00    0.253940E+04    0.136430E+02    0.340238E+00
   0.132495E+03    0.257959E+04   -0.185551E+04    0.724077E+03    0.199043E+01    0.625674E+00    0.253828E+04    0.136410E+02    0.340388E+00
   0.132995E+03    0.259425E+04   -0.187343E+04    0.720824E+03    0.200174E+01    0.537309E+00    0.253717E+04    0.136390E+02    0.340537E+00
   0.133495E+03    0.261598E+04   -0.189751E+04    0.718467E+03    0.201850E+01    0.509602E+00    0.253601E+04    0.136369E+02    0.340693E+00
   0.133995E+03    0.259552E+04   -0.189047E+04    0.705052E+03    0.200272E+01    0.527906E+00    0.253482E+04    0.136348E+02    0.340853E+00
   0.134495E+03    0.260880E+04   -0.191766E+04    0.691142E+03    0.201296E+01    0.488242E+00    0.253363E+04    0.136327E+02    0.341012E+00
   0.134995E+03    0.256488E+04   -0.186301E+04    0.701875E+03    0.197908E+01    0.644746E+00    0.253247E+04    0.136306E+02    0.341169E+00
   0.135495E+03    0.259953E+04   -0.189347E+04    0.706059E+03    0.200581E+01    0.580119E+00    0.253151E+04    0.136289E+02    0.341299E+00
   0.135995E+03    0.256253E+04   -0.185547E+04    0.707057E+03    0.197726E+01    0.559108E+00    0.253030E+04    0.136267E+02    0.341461E+00
   0.136495E+03    0.259009E+04   -0.187398E+04    0.716114E+03    0.199853E+01    0.538433E+00    0.252910E+04    0.136245E+02    0.341624E+00
   0.136995E+03    0.261912E+04   -0.189669E+04    0.722430E+03    0.202092E+01    0.566369E+00    0.252802E+04    0.136226E+02    0.341770E+00
   0.137495E+03    0.258645E+04   -0.187848E+04    0.707965E+03    0.199572E+01    0.576927E+00    0.252700E+04    0.136208E+02    0.341908E+00
   0.137995E+03    0.259525E+04   -0.189003E+04    0.705226E+03    0.200251E+01    0.621748E+00    0.252600E+04    0.136190E+02    0.342043E+00
   0.138495E+03    0.261274E+04   -0.190317E+04    0.709574E+03    0.201601E+01    0.493238E+00    0.252496E+04    0.136171E+02    0.342184E+00
   0.138995E+03    0.257237E+04   -0.185675E+04    0.715621E+03    0.198486E+01    0.723885E+00    0.252404E+04    0.136155E+02    0.342308E+00
   0.139495E+03    0.259969E+04   -0.188556E+04    0.714133E+03    0.200593E+01    0.539916E+00    0.252298E+04    0.136135E+02    0.342452E+00
   0.139995E+03    0.258772E+04   -0.187825E+04    0.709466E+03    0.199669E+01    0.574249E+00    0.252187E+04    0.136116E+02    0.342603E+00
   0.140495E+03    0.255475E+04   -0.184137E+04    0.713382E+03    0.197126E+01    0.549834E+00    0.252069E+04    0.136094E+02    0.342763E+00
   0.140995E+03    0.257609E+04   -0.184882E+04    0.727277E+03    0.198773E+01    0.573347E+00    0.251955E+04    0.136074E+02    0.342919E+00
   0.141495E+03    0.263107E+04   -0.190283E+04    0.728238E+03    0.203015E+01    0.521755E+00    0.251856E+04    0.136056E+02    0.343053E+00
   0.141995E+03    0.259687E+04   -0.188723E+04    0.709639E+03    0.200376E+01    0.595878E+00    0.251738E+04    0.136035E+02    0.343214E+00
   0.142495E+03    0.261993E+04   -0.193261E+04    0.687319E+03    0.202155E+01    0.534674E+00    0.251627E+04    0.136015E+02    0.343365E+00
   0.142995E+03    0.259336E+04   -0.191531E+04    0.678046E+03    0.200105E+01    0.551931E+00    0.251521E+04    0.135996E+02    0.343510E+00
   0.143495E+03    0.258869E+04   -0.191253E+04    0.676160E+03    0.199744E+01    0.644092E+00    0.251412E+04    0.135976E+02    0.343660E+00
   0.143995E+03    0.259665E+04   -0.193601E+04    0.660633E+03    0.200359E+01    0.548435E+00    0.251301E+04    0.135956E+02    0.343811E+00
   0.144495E+03    0.256373E+04   -0.190421E+04    0.659514E+03    0.197818E+01    0.598788E+00    0.251187E+04    0.135935E+02    0.343966E+00
   0.144995E+03    0.257789E+04   -0.190980E+04    0.668087E+03    0.198911E+01    0.515135E+00    0.251063E+04    0.135913E+02    0.344137E+00
   0.145495E+03    0.260144E+04   -0.191588E+04    0.685553E+03    0.200728E+01    0.458658E+00    0.250942E+04    0.135891E+02    0.344303E+00
   0.145995E+03    0.259082E+04   -0.189867E+04    0.692157E+03    0.199909E+01    0.636709E+00    0.250835E+04    0.135872E+02    0.344450E+00
   0.146495E+03    0.264446E+04   -0.194753E+04    0.696936E+03    0.204048E+01    0.475752E+00    0.250729E+04    0.135853E+02    0.344596E+00
   0.146995E+03    0.261276E+04   -0.192272E+04    0.690041E+03    0.201602E+01    0.492737E+00    0.250627E+04    0.135834E+02    0.344735E+00
   0.147495E+03    0.254009E+04   -0.185151E+04    0.688572E+03    0.195994E+01    0.693820E+00    0.250512E+04    0.135813E+02    0.344894E+00
   0.147995E+03    0.258624E+04   -0.188365E+04    0.702586E+03    0.199555E+01    0.596533E+00    0.250400E+04    0.135793E+02    0.345048E+00
   0.148495E+03    0.257610E+04   -0.188263E+04    0.693468E+03    0.198773E+01    0.578571E+00    0.250288E+04    0.135773E+02    0.345202E+00
   0.148995E+03    0.259621E+04   -0.189780E+04    0.698409E+03    0.200325E+01    0.557706E+00    0.250183E+04    0.135754E+02    0.345347E+00
   0.149495E+03    0.257150E+04   -0.186867E+04    0.702834E+03    0.198419E+01    0.600606E+00    0.250084E+04    0.135736E+02    0.345483E+00
   0.149995E+03    0.258121E+04   -0.186982E+04    0.711396E+03    0.199168E+01    0.590216E+00    0.249967E+04    0.135715E+02    0.345645E+00
   0.150495E+03    0.257873E+04   -0.187421E+04    0.704523E+03    0.198976E+01    0.616883E+00    0.249862E+04    0.135696E+02    0.345791E+00
   0.150995E+03    0.258656E+04   -0.189599E+04    0.690568E+03    0.199580E+01    0.652190E+00    0.249756E+04    0.135677E+02    0.345937E+00
   0.151495E+03    0.260628E+04   -0.191393E+04    0.692348E+03    0.201102E+01    0.576275E+00    0.249664E+04    0.135660E+02    0.346065E+00
   0.151995E+03    0.259699E+04   -0.191154E+04    0.685449E+03    0.200385E+01    0.597493E+00    0.249567E+04    0.135642E+02    0.346200E+00
   0.152495E+03    0.258578E+04   -0.190963E+04    0.676154E+03    0.199520E+01    0.637641E+00    0.249468E+04    0.135625E+02    0.346337E+00
   0.152995E+03    0.255634E+04   -0.189338E+04    0.662953E+03    0.197248E+01    0.657133E+00    0.249361E+04    0.135605E+02    0.346485E+00
   0.153495E+03    0.262897E+04   -0.196708E+04    0.661886E+03    0.202852E+01    0.606406E+00    0.249267E+04    0.135588E+02    0.346616E+00
   0.153995E+03    0.259316E+04   -0.193763E+04    0.655536E+03    0.200090E+01    0.521320E+00    0.249166E+04    0.135570E+02    0.346757E+00
   0.154495E+03    0.255504E+04   -0.188745E+04    0.667585E+03    0.197148E+01    0.647289E+00    0.249055E+04    0.135550E+02    0.346911E+00
   0.154995E+03    0.258612E+04   -0.192101E+04    0.665108E+03    0.199546E+01    0.528147E+00    0.248944E+04    0.135529E+02    0.347067E+00
   0.155495E+03    0.257259E+04   -0.189043E+04    0.682165E+03    0.198502E+01    0.590023E+00    0.248841E+04    0.135511E+02    0.347210E+00
   0.155995E+03    0.259766E+04   -0.191251E+04    0.685150E+03    0.200437E+01    0.538971E+00    0.248734E+04    0.135491E+02    0.347359E+00
   0.156495E+03    0.262536E+04   -0.193845E+04    0.686915E+03    0.202574E+01    0.574005E+00    0.248630E+04    0.135473E+02    0.347504E+00
   0.156995E+03    0.258870E+04   -0.190598E+04    0.682718E+03    0.199745E+01    0.626901E+00    0.248534E+04    0.135455E+02    0.347638E+00
   0.157495E+03    0.259048E+04   -0.191358E+04    0.676898E+03    0.199882E+01    0.580732E+00    0.248424E+04    0.135435E+02    0.347792E+00
   0.157995E+03    0.260077E+04   -0.193269E+04    0.668084E+03    0.200677E+01    0.704059E+00    0.248325E+04    0.135417E+02    0.347931E+00
   0.158495E+03    0.259599E+04   -0.193980E+04    0.656191E+03    0.200308E+01    0.537666E+00    0.248225E+04    0.135399E+02    0.348071E+00
   0.158995E+03    0.257756E+04   -0.191358E+04    0.663980E+03    0.198886E+01    0.670909E+00    0.248120E+04    0.135380E+02    0.348218E+00
   0.159495E+03    0.257508E+04   -0.189976E+04    0.675323E+03    0.198695E+01    0.587001E+00    0.248021E+04    0.135362E+02    0.348357E+00
   0.159995E+03    0.257146E+04   -0.188756E+04    0.683892E+03    0.198415E+01    0.579684E+00    0.247914E+04    0.135342E+02    0.348507E+00
   0.160495E+03    0.254999E+04   -0.187697E+04    0.673018E+03    0.196759E+01    0.624592E+00    0.247815E+04    0.135324E+02    0.348648E+00
   0.160995E+03    0.257950E+04   -0.192085E+04    0.658643E+03    0.199035E+01    0.551912E+00    0.247699E+04    0.135303E+02    0.348811E+00
   0.161495E+03    0.257353E+04   -0.190056E+04    0.672969E+03    0.198575E+01    0.579844E+00    0.247594E+04    0.135284E+02    0.348959E+00
   0.161995E+03    0.257194E+04   -0.188835E+04    0.683588E+03    0.198452E+01    0.578386E+00    0.247493E+04    0.135266E+02    0.349100E+00
   0.162495E+03    0.255940E+04   -0.186727E+04    0.692130E+03    0.197484E+01    0.632106E+00    0.247392E+04    0.135247E+02    0.349243E+00
   0.162995E+03    0.262748E+04   -0.194461E+04    0.682871E+03    0.202738E+01    0.591959E+00    0.247285E+04    0.135228E+02    0.349395E+00
   0.163495E+03    0.262875E+04   -0.196335E+04    0.665397E+03    0.202836E+01    0.479501E+00    0.247179E+04    0.135208E+02    0.349545E+00
   0.163995E+03    0.257724E+04   -0.191399E+04    0.663247E+03    0.198861E+01    0.634382E+00    0.247077E+04    0.135190E+02    0.349689E+00
   0.164495E+03    0.262950E+04   -0.197808E+04    0.651417E+03    0.202894E+01    0.551467E+00    0.246976E+04    0.135171E+02    0.349831E+00
   0.164995E+03    0.259188E+04   -0.193048E+04    0.661403E+03    0.199991E+01    0.555179E+00    0.246884E+04    0.135155E+02    0.349962E+00
   0.165495E+03    0.258707E+04   -0.191885E+04    0.668212E+03    0.199619E+01    0.510203E+00    0.246773E+04    0.135134E+02    0.350119E+00
   0.165995E+03    0.257118E+04   -0.188957E+04    0.681603E+03    0.198393E+01    0.607088E+00    0.246675E+04    0.135116E+02    0.350259E+00
   0.166495E+03    0.263254E+04   -0.194761E+04    0.684931E+03    0.203128E+01    0.607611E+00    0.246575E+04    0.135098E+02    0.350400E+00
   0.166995E+03    0.260444E+04   -0.193717E+04    0.667269E+03    0.200960E+01    0.602550E+00    0.246477E+04    0.135080E+02    0.350540E+00
   0.167495E+03    0.261970E+04   -0.195659E+04    0.663118E+03    0.202138E+01    0.551686E+00    0.246373E+04    0.135061E+02    0.350688E+00
   0.167995E+03    0.255797E+04   -0.190620E+04    0.651768E+03    0.197374E+01    0.640567E+00    0.246269E+04    0.135042E+02    0.350835E+00
   0.168495E+03    0.261907E+04   -0.195016E+04    0.668911E+03    0.202089E+01    0.553777E+00    0.246161E+04    0.135023E+02    0.350990E+00
   0.168995E+03    0.263603E+04   -0.197301E+04    0.663021E+03    0.203398E+01    0.561328E+00    0.246067E+04    0.135005E+02    0.351124E+00
   0.169495E+03    0.258385E+04   -0.194002E+04    0.643834E+03    0.199371E+01    0.675570E+00    0.245968E+04    0.134987E+02    0.351265E+00
   0.169995E+03    0.259088E+04   -0.193558E+04    0.655296E+03    0.199913E+01    0.596025E+00    0.245867E+04    0.134969E+02    0.351410E+00
   0.170495E+03    0.258752E+04   -0.193211E+04    0.655410E+03    0.199654E+01    0.594659E+00    0.245775E+04    0.134952E+02    0.351541E+00
   0.170995E+03    0.259337E+04   -0.194196E+04    0.651408E+03    0.200106E+01    0.539557E+00    0.245668E+04    0.134932E+02    0.351694E+00
   0.171495E+03    0.258541E+04   -0.193086E+04    0.654550E+03    0.199491E+01    0.577797E+00    0.245564E+04    0.134913E+02    0.351843E+00
   0.171995E+03    0.257588E+04   -0.192001E+04    0.655866E+03    0.198756E+01    0.568626E+00    0.245450E+04    0.134892E+02    0.352007E+00
   0.172495E+03    0.261678E+04   -0.194803E+04    0.668748E+03    0.201912E+01    0.497217E+00    0.245348E+04    0.134874E+02    0.352153E+00
   0.172995E+03    0.260511E+04   -0.193763E+04    0.667478E+03    0.201012E+01    0.558216E+00    0.245247E+04    0.134855E+02    0.352298E+00
   0.173495E+03    0.259528E+04   -0.192412E+04    0.671154E+03    0.200253E+01    0.533390E+00    0.245139E+04    0.134835E+02    0.352453E+00
   0.173995E+03    0.258479E+04   -0.192660E+04    0.658192E+03    0.199444E+01    0.693535E+00    0.245047E+04    0.134819E+02    0.352585E+00
   0.174495E+03    0.263053E+04   -0.198084E+04    0.649692E+03    0.202973E+01    0.537223E+00    0.244958E+04    0.134802E+02    0.352713E+00
   0.174995E+03    0.257138E+04   -0.191176E+04    0.659617E+03    0.198409E+01    0.654102E+00    0.244864E+04    0.134785E+02    0.352848E+00
   0.175495E+03    0.257757E+04   -0.192698E+04    0.650589E+03    0.198886E+01    0.636805E+00    0.244770E+04    0.134768E+02    0.352984E+00
   0.175995E+03    0.256311E+04   -0.190214E+04    0.660970E+03    0.197771E+01    0.609398E+00    0.244668E+04    0.134749E+02    0.353131E+00
   0.176495E+03    0.259433E+04   -0.193118E+04    0.663151E+03    0.200180E+01    0.532992E+00    0.244567E+04    0.134730E+02    0.353278E+00
   0.176995E+03    0.258919E+04   -0.193625E+04    0.652936E+03    0.199783E+01    0.614347E+00    0.244466E+04    0.134712E+02    0.353423E+00
   0.177495E+03    0.257672E+04   -0.192392E+04    0.652795E+03    0.198821E+01    0.611834E+00    0.244368E+04    0.134694E+02    0.353565E+00
   0.177995E+03    0.259984E+04   -0.194347E+04    0.656374E+03    0.200605E+01    0.608556E+00    0.244261E+04    0.134674E+02    0.353721E+00
   0.178495E+03    0.261871E+04   -0.195592E+04    0.662785E+03    0.202061E+01    0.535002E+00    0.244177E+04    0.134659E+02    0.353842E+00
   0.178995E+03    0.258768E+04   -0.195259E+04    0.635092E+03    0.199667E+01    0.681981E+00    0.244073E+04    0.134640E+02    0.353993E+00
   0.179495E+03    0.260425E+04   -0.198149E+04    0.622767E+03    0.200946E+01    0.570812E+00    0.243972E+04    0.134621E+02    0.354139E+00
   0.179995E+03    0.257000E+04   -0.194701E+04    0.622999E+03    0.198303E+01    0.650730E+00    0.243882E+04    0.134605E+02    0.354270E+00
   0.180495E+03    0.259163E+04   -0.196492E+04    0.626702E+03    0.199971E+01    0.600381E+00    0.243782E+04    0.134586E+02    0.354415E+00
   0.180995E+03    0.260282E+04   -0.199340E+04    0.609422E+03    0.200835E+01    0.579740E+00    0.243676E+04    0.134567E+02    0.354569E+00
   0.181495E+03    0.252414E+04   -0.191703E+04    0.607111E+03    0.194764E+01    0.772513E+00    0.243584E+04    0.134550E+02    0.354703E+00
   0.181995E+03    0.259992E+04   -0.197467E+04    0.625249E+03    0.200611E+01    0.587789E+00    0.243492E+04    0.134533E+02    0.354837E+00
   0.182495E+03    0.257421E+04   -0.193853E+04    0.635677E+03    0.198627E+01    0.575486E+00    0.243387E+04    0.134513E+02    0.354991E+00
   0.182995E+03    0.254777E+04   -0.191507E+04    0.632701E+03    0.196587E+01    0.664969E+00    0.243285E+04    0.134495E+02    0.355139E+00
   0.183495E+03    0.256107E+04   -0.191203E+04    0.649037E+03    0.197613E+01    0.594696E+00    0.243176E+04    0.134475E+02    0.355298E+00
   0.183995E+03    0.255456E+04   -0.189698E+04    0.657573E+03    0.197111E+01    0.620985E+00    0.243081E+04    0.134457E+02    0.355437E+00
   0.184495E+03    0.262310E+04   -0.197943E+04    0.643677E+03    0.202400E+01    0.563130E+00    0.242974E+04    0.134437E+02    0.355594E+00
   0.184995E+03    0.258778E+04   -0.196025E+04    0.627529E+03    0.199674E+01    0.636655E+00    0.242882E+04    0.134420E+02    0.355729E+00
   0.185495E+03    0.261156E+04   -0.199612E+04    0.615442E+03    0.201509E+01    0.577431E+00    0.242775E+04    0.134401E+02    0.355884E+00
   0.185995E+03    0.262288E+04   -0.201373E+04    0.609147E+03    0.202383E+01    0.552616E+00    0.242683E+04    0.134384E+02    0.356020E+00
   0.186495E+03    0.253755E+04   -0.190767E+04    0.629882E+03    0.195799E+01    0.667234E+00    0.242588E+04    0.134366E+02    0.356160E+00
   0.186995E+03    0.260836E+04   -0.196640E+04    0.641965E+03    0.201262E+01    0.536214E+00    0.242491E+04    0.134348E+02    0.356301E+00
   0.187495E+03    0.259091E+04   -0.194663E+04    0.644278E+03    0.199916E+01    0.564634E+00    0.242399E+04    0.134331E+02    0.356438E+00
   0.187995E+03    0.259591E+04   -0.195068E+04    0.645234E+03    0.200302E+01    0.548676E+00    0.242293E+04    0.134312E+02    0.356593E+00
   0.188495E+03    0.260448E+04   -0.195660E+04    0.647883E+03    0.200963E+01    0.507405E+00    0.242184E+04    0.134291E+02    0.356754E+00
   0.188995E+03    0.265300E+04   -0.201887E+04    0.634130E+03    0.204707E+01    0.625237E+00    0.242091E+04    0.134274E+02    0.356891E+00
   0.189495E+03    0.259447E+04   -0.199530E+04    0.599169E+03    0.200190E+01    0.603372E+00    0.242000E+04    0.134258E+02    0.357024E+00
   0.189995E+03    0.258194E+04   -0.198207E+04    0.599861E+03    0.199223E+01    0.578509E+00    0.241894E+04    0.134238E+02    0.357181E+00
   0.190495E+03    0.257022E+04   -0.196322E+04    0.607000E+03    0.198319E+01    0.656608E+00    0.241794E+04    0.134219E+02    0.357328E+00
   0.190995E+03    0.259857E+04   -0.197436E+04    0.624206E+03    0.200507E+01    0.584424E+00    0.241709E+04    0.134204E+02    0.357455E+00
   0.191495E+03    0.258895E+04   -0.195980E+04    0.629151E+03    0.199765E+01    0.564846E+00    0.241611E+04    0.134186E+02    0.357600E+00
   0.191995E+03    0.257813E+04   -0.195250E+04    0.625628E+03    0.198930E+01    0.615649E+00    0.241510E+04    0.134167E+02    0.357749E+00
   0.192495E+03    0.258732E+04   -0.196148E+04    0.625840E+03    0.199639E+01    0.639996E+00    0.241404E+04    0.134147E+02    0.357906E+00
   0.192995E+03    0.258175E+04   -0.196256E+04    0.619190E+03    0.199209E+01    0.575478E+00    0.241303E+04    0.134128E+02    0.358056E+00
   0.193495E+03    0.262431E+04   -0.200537E+04    0.618945E+03    0.202493E+01    0.532559E+00    0.241202E+04    0.134110E+02    0.358206E+00
   0.193995E+03    0.256510E+04   -0.194101E+04    0.624084E+03    0.197924E+01    0.624651E+00    0.241112E+04    0.134093E+02    0.358340E+00
   0.194495E+03    0.259313E+04   -0.197241E+04    0.620726E+03    0.200087E+01    0.586588E+00    0.241014E+04    0.134075E+02    0.358485E+00
   0.194995E+03    0.258731E+04   -0.198558E+04    0.601731E+03    0.199638E+01    0.663418E+00    0.240914E+04    0.134056E+02    0.358634E+00
   0.195495E+03    0.258297E+04   -0.199076E+04    0.592218E+03    0.199304E+01    0.549822E+00    0.240810E+04    0.134037E+02    0.358788E+00
   0.195995E+03    0.256138E+04   -0.195134E+04    0.610038E+03    0.197637E+01    0.594412E+00    0.240700E+04    0.134017E+02    0.358953E+00
   0.196495E+03    0.259984E+04   -0.198386E+04    0.615981E+03    0.200605E+01    0.483090E+00    0.240585E+04    0.133995E+02    0.359124E+00
   0.196995E+03    0.258689E+04   -0.196077E+04    0.626122E+03    0.199606E+01    0.557277E+00    0.240489E+04    0.133977E+02    0.359268E+00
   0.197495E+03    0.260352E+04   -0.196947E+04    0.634050E+03    0.200889E+01    0.635822E+00    0.240398E+04    0.133960E+02    0.359405E+00
   0.197995E+03    0.260305E+04   -0.198449E+04    0.618558E+03    0.200852E+01    0.627599E+00    0.240307E+04    0.133944E+02    0.359540E+00
   0.198495E+03    0.254881E+04   -0.193326E+04    0.615546E+03    0.196667E+01    0.683140E+00    0.240215E+04    0.133926E+02    0.359679E+00
   0.198995E+03    0.256188E+04   -0.196196E+04    0.599910E+03    0.197676E+01    0.643315E+00    0.240110E+04    0.133907E+02    0.359835E+00
   0.199495E+03    0.260462E+04   -0.200067E+04    0.603950E+03    0.200973E+01    0.606196E+00    0.240022E+04    0.133891E+02    0.359967E+00
   0.199995E+03    0.258734E+04   -0.198612E+04    0.601220E+03    0.199640E+01    0.596980E+00    0.239935E+04    0.133874E+02    0.360098E+00
   0.200495E+03    0.258790E+04   -0.198603E+04    0.601867E+03    0.199683E+01    0.572738E+00    0.239832E+04    0.133855E+02    0.360253E+00
   0.200995E+03    0.254213E+04   -0.193085E+04    0.611289E+03    0.196152E+01    0.610185E+00    0.239727E+04    0.133836E+02    0.360410E+00
   0.201495E+03    0.256828E+04   -0.194765E+04    0.620632E+03    0.198170E+01    0.606755E+00    0.239635E+04    0.133819E+02    0.360548E+00
   0.201995E+03    0.257194E+04   -0.195943E+04    0.612513E+03    0.198452E+01    0.624049E+00    0.239541E+04    0.133801E+02    0.360690E+00
   0.202495E+03    0.257939E+04   -0.195640E+04    0.622993E+03    0.199027E+01    0.658141E+00    0.239452E+04    0.133785E+02    0.360824E+00
   0.202995E+03    0.260461E+04   -0.199322E+04    0.611389E+03    0.200973E+01    0.626348E+00    0.239357E+04    0.133767E+02    0.360967E+00
   0.203495E+03    0.255271E+04   -0.193918E+04    0.613531E+03    0.196969E+01    0.706024E+00    0.239263E+04    0.133749E+02    0.361109E+00
   0.203995E+03    0.259217E+04   -0.198445E+04    0.607718E+03    0.200013E+01    0.611765E+00    0.239172E+04    0.133732E+02    0.361246E+00
   0.204495E+03    0.256794E+04   -0.196471E+04    0.603223E+03    0.198143E+01    0.692351E+00    0.239087E+04    0.133717E+02    0.361374E+00
   0.204995E+03    0.260010E+04   -0.198951E+04    0.610594E+03    0.200625E+01    0.566007E+00    0.239000E+04    0.133700E+02    0.361507E+00
   0.205495E+03    0.261507E+04   -0.199871E+04    0.616364E+03    0.201780E+01    0.608495E+00    0.238909E+04    0.133683E+02    0.361644E+00
   0.205995E+03    0.263961E+04   -0.204562E+04    0.593985E+03    0.203673E+01    0.526426E+00    0.238811E+04    0.133665E+02    0.361793E+00
   0.206495E+03    0.258895E+04   -0.200560E+04    0.583356E+03    0.199765E+01    0.600808E+00    0.238709E+04    0.133646E+02    0.361947E+00
   0.206995E+03    0.257919E+04   -0.198588E+04    0.593306E+03    0.199012E+01    0.654413E+00    0.238624E+04    0.133630E+02    0.362076E+00
   0.207495E+03    0.259160E+04   -0.201040E+04    0.581196E+03    0.199969E+01    0.617584E+00    0.238533E+04    0.133613E+02    0.362215E+00
   0.207995E+03    0.259986E+04   -0.201006E+04    0.589805E+03    0.200607E+01    0.636821E+00    0.238451E+04    0.133598E+02    0.362338E+00
   0.208495E+03    0.258556E+04   -0.199848E+04    0.587078E+03    0.199503E+01    0.673400E+00    0.238365E+04    0.133582E+02    0.362469E+00
   0.208995E+03    0.260100E+04   -0.201664E+04    0.584359E+03    0.200694E+01    0.517313E+00    0.238278E+04    0.133566E+02    0.362602E+00
   0.209495E+03    0.260961E+04   -0.202207E+04    0.587544E+03    0.201359E+01    0.528510E+00    0.238179E+04    0.133547E+02    0.362752E+00
   0.209995E+03    0.263533E+04   -0.204367E+04    0.591663E+03    0.203344E+01    0.534103E+00    0.238083E+04    0.133529E+02    0.362899E+00
   0.210495E+03    0.257820E+04   -0.199185E+04    0.586350E+03    0.198935E+01    0.618624E+00    0.237987E+04    0.133511E+02    0.363045E+00
   0.210995E+03    0.260364E+04   -0.201004E+04    0.593595E+03    0.200898E+01    0.554840E+00    0.237895E+04    0.133494E+02    0.363185E+00
   0.211495E+03    0.259739E+04   -0.200711E+04    0.590288E+03    0.200416E+01    0.641923E+00    0.237799E+04    0.133476E+02    0.363332E+00
   0.211995E+03    0.262001E+04   -0.202034E+04    0.599664E+03    0.202161E+01    0.574485E+00    0.237717E+04    0.133461E+02    0.363457E+00
   0.212495E+03    0.260997E+04   -0.200258E+04    0.607385E+03    0.201387E+01    0.638602E+00    0.237629E+04    0.133444E+02    0.363591E+00
   0.212995E+03    0.257459E+04   -0.197849E+04    0.596102E+03    0.198657E+01    0.670842E+00    0.237539E+04    0.133427E+02    0.363729E+00
   0.213495E+03    0.263270E+04   -0.205341E+04    0.579297E+03    0.203141E+01    0.538910E+00    0.237448E+04    0.133410E+02    0.363869E+00
   0.213995E+03    0.263386E+04   -0.204645E+04    0.587413E+03    0.203230E+01    0.537473E+00    0.237359E+04    0.133394E+02    0.364005E+00
   0.214495E+03    0.262281E+04   -0.204712E+04    0.575683E+03    0.202377E+01    0.549869E+00    0.237274E+04    0.133378E+02    0.364136E+00
   0.214995E+03    0.261693E+04   -0.203892E+04    0.578006E+03    0.201924E+01    0.571115E+00    0.237185E+04    0.133361E+02    0.364272E+00
   0.215495E+03    0.261198E+04   -0.202977E+04    0.582210E+03    0.201542E+01    0.458456E+00    0.237088E+04    0.133343E+02    0.364422E+00
   0.215995E+03    0.261667E+04   -0.203051E+04    0.586154E+03    0.201903E+01    0.554891E+00    0.236997E+04    0.133326E+02    0.364561E+00
   0.216495E+03    0.258913E+04   -0.200929E+04    0.579843E+03    0.199779E+01    0.597550E+00    0.236904E+04    0.133308E+02    0.364705E+00
   0.216995E+03    0.262182E+04   -0.203924E+04    0.582579E+03    0.202301E+01    0.577872E+00    0.236808E+04    0.133290E+02    0.364853E+00
   0.217495E+03    0.260205E+04   -0.201814E+04    0.583914E+03    0.200776E+01    0.633665E+00    0.236729E+04    0.133276E+02    0.364974E+00
   0.217995E+03    0.261671E+04   -0.204067E+04    0.576042E+03    0.201907E+01    0.521095E+00    0.236637E+04    0.133258E+02    0.365116E+00
   0.218495E+03    0.258451E+04   -0.201037E+04    0.574142E+03    0.199422E+01    0.681948E+00    0.236541E+04    0.133240E+02    0.365265E+00
   0.218995E+03    0.260970E+04   -0.203345E+04    0.576253E+03    0.201366E+01    0.638871E+00    0.236448E+04    0.133223E+02    0.365407E+00
   0.219495E+03    0.260311E+04   -0.201694E+04    0.586169E+03    0.200857E+01    0.634400E+00    0.236367E+04    0.133208E+02    0.365533E+00
   0.219995E+03    0.259402E+04   -0.201155E+04    0.582471E+03    0.200156E+01    0.602411E+00    0.236273E+04    0.133190E+02    0.365679E+00
   0.220495E+03    0.259141E+04   -0.199347E+04    0.597940E+03    0.199955E+01    0.548546E+00    0.236178E+04    0.133172E+02    0.365826E+00
   0.220995E+03    0.259602E+04   -0.199266E+04    0.603360E+03    0.200310E+01    0.686958E+00    0.236091E+04    0.133156E+02    0.365960E+00
   0.221495E+03    0.265624E+04   -0.206522E+04    0.591022E+03    0.204957E+01    0.507750E+00    0.236013E+04    0.133141E+02    0.366082E+00
   0.221995E+03    0.256294E+04   -0.198090E+04    0.582047E+03    0.197758E+01    0.678299E+00    0.235931E+04    0.133126E+02    0.366208E+00
   0.222495E+03    0.257592E+04   -0.199123E+04    0.584688E+03    0.198759E+01    0.608450E+00    0.235843E+04    0.133109E+02    0.366345E+00
   0.222995E+03    0.260047E+04   -0.201552E+04    0.584952E+03    0.200654E+01    0.551527E+00    0.235756E+04    0.133093E+02    0.366480E+00
   0.223495E+03    0.262709E+04   -0.203850E+04    0.588596E+03    0.202708E+01    0.556224E+00    0.235664E+04    0.133075E+02    0.366624E+00
   0.223995E+03    0.260878E+04   -0.202788E+04    0.580900E+03    0.201294E+01    0.580125E+00    0.235573E+04    0.133058E+02    0.366765E+00
   0.224495E+03    0.257190E+04   -0.198843E+04    0.583472E+03    0.198449E+01    0.667278E+00    0.235477E+04    0.133040E+02    0.366914E+00
   0.224995E+03    0.263065E+04   -0.203797E+04    0.592680E+03    0.202982E+01    0.609717E+00    0.235396E+04    0.133025E+02    0.367041E+00
   0.225495E+03    0.261894E+04   -0.202042E+04    0.598519E+03    0.202079E+01    0.595292E+00    0.235313E+04    0.133009E+02    0.367170E+00
   0.225995E+03    0.258470E+04   -0.199485E+04    0.589853E+03    0.199437E+01    0.595834E+00    0.235220E+04    0.132992E+02    0.367316E+00
   0.226495E+03    0.261826E+04   -0.202568E+04    0.592581E+03    0.202026E+01    0.539926E+00    0.235129E+04    0.132975E+02    0.367458E+00
   0.226995E+03    0.260168E+04   -0.201183E+04    0.589855E+03    0.200747E+01    0.605882E+00    0.235052E+04    0.132960E+02    0.367579E+00
   0.227495E+03    0.257775E+04   -0.198741E+04    0.590343E+03    0.198901E+01    0.650736E+00    0.234966E+04    0.132944E+02    0.367713E+00
   0.227995E+03    0.257945E+04   -0.198753E+04    0.591917E+03    0.199031E+01    0.668782E+00    0.234875E+04    0.132927E+02    0.367855E+00
   0.228495E+03    0.260280E+04   -0.201521E+04    0.587595E+03    0.200834E+01    0.579469E+00    0.234785E+04    0.132910E+02    0.367996E+00
   0.228995E+03    0.258950E+04   -0.199380E+04    0.595702E+03    0.199807E+01    0.718731E+00    0.234703E+04    0.132894E+02    0.368124E+00
   0.229495E+03    0.260903E+04   -0.202219E+04    0.586841E+03    0.201314E+01    0.542388E+00    0.234607E+04    0.132876E+02    0.368275E+00
   0.229995E+03    0.254692E+04   -0.196733E+04    0.579583E+03    0.196521E+01    0.803912E+00    0.234531E+04    0.132862E+02    0.368395E+00
   0.230495E+03    0.253396E+04   -0.196690E+04    0.567058E+03    0.195522E+01    0.675722E+00    0.234444E+04    0.132845E+02    0.368532E+00
   0.230995E+03    0.257309E+04   -0.199735E+04    0.575738E+03    0.198541E+01    0.692653E+00    0.234358E+04    0.132829E+02    0.368666E+00
   0.231495E+03    0.260955E+04   -0.202772E+04    0.581834E+03    0.201354E+01    0.553463E+00    0.234276E+04    0.132814E+02    0.368795E+00
   0.231995E+03    0.259039E+04   -0.201463E+04    0.575763E+03    0.199876E+01    0.628408E+00    0.234190E+04    0.132797E+02    0.368932E+00
   0.232495E+03    0.257047E+04   -0.198939E+04    0.581079E+03    0.198339E+01    0.711347E+00    0.234105E+04    0.132781E+02    0.369065E+00
   0.232995E+03    0.259200E+04   -0.201983E+04    0.572163E+03    0.200000E+01    0.620762E+00    0.234021E+04    0.132765E+02    0.369198E+00
   0.233495E+03    0.258054E+04   -0.200387E+04    0.576673E+03    0.199116E+01    0.645151E+00    0.233928E+04    0.132748E+02    0.369345E+00
   0.233995E+03    0.259897E+04   -0.201836E+04    0.580602E+03    0.200538E+01    0.574128E+00    0.233830E+04    0.132729E+02    0.369499E+00
   0.234495E+03    0.254587E+04   -0.195385E+04    0.592019E+03    0.196440E+01    0.778434E+00    0.233741E+04    0.132712E+02    0.369640E+00
   0.234995E+03    0.261583E+04   -0.204008E+04    0.575750E+03    0.201839E+01    0.674869E+00    0.233667E+04    0.132698E+02    0.369758E+00
   0.235495E+03    0.261003E+04   -0.204740E+04    0.562630E+03    0.201391E+01    0.628502E+00    0.233589E+04    0.132684E+02    0.369881E+00
   0.235995E+03    0.258630E+04   -0.201060E+04    0.575698E+03    0.199560E+01    0.654469E+00    0.233513E+04    0.132669E+02    0.370001E+00
   0.236495E+03    0.261262E+04   -0.204477E+04    0.567852E+03    0.201591E+01    0.524081E+00    0.233419E+04    0.132652E+02    0.370149E+00
   0.236995E+03    0.260613E+04   -0.203191E+04    0.574213E+03    0.201090E+01    0.691696E+00    0.233338E+04    0.132636E+02    0.370279E+00
   0.237495E+03    0.257962E+04   -0.202521E+04    0.554407E+03    0.199044E+01    0.667722E+00    0.233254E+04    0.132620E+02    0.370411E+00
   0.237995E+03    0.257864E+04   -0.202267E+04    0.555973E+03    0.198969E+01    0.612515E+00    0.233166E+04    0.132604E+02    0.370551E+00
   0.238495E+03    0.259558E+04   -0.203723E+04    0.558349E+03    0.200276E+01    0.701128E+00    0.233086E+04    0.132588E+02    0.370678E+00
   0.238995E+03    0.255856E+04   -0.200778E+04    0.550782E+03    0.197420E+01    0.651161E+00    0.233000E+04    0.132572E+02    0.370815E+00
   0.239495E+03    0.258649E+04   -0.201557E+04    0.570928E+03    0.199575E+01    0.654623E+00    0.232910E+04    0.132555E+02    0.370958E+00
   0.239995E+03    0.254925E+04   -0.198697E+04    0.562274E+03    0.196701E+01    0.790176E+00    0.232836E+04    0.132541E+02    0.371077E+00
   0.240495E+03    0.257809E+04   -0.201598E+04    0.562107E+03    0.198927E+01    0.607664E+00    0.232743E+04    0.132523E+02    0.371225E+00
   0.240995E+03    0.257799E+04   -0.201477E+04    0.563228E+03    0.198919E+01    0.747979E+00    0.232661E+04    0.132508E+02    0.371355E+00
   0.241495E+03    0.257318E+04   -0.201479E+04    0.558386E+03    0.198548E+01    0.676185E+00    0.232591E+04    0.132494E+02    0.371468E+00
   0.241995E+03    0.258447E+04   -0.202557E+04    0.558901E+03    0.199419E+01    0.631146E+00    0.232502E+04    0.132477E+02    0.371610E+00
   0.242495E+03    0.261827E+04   -0.208078E+04    0.537499E+03    0.202027E+01    0.619246E+00    0.232412E+04    0.132460E+02    0.371754E+00
   0.242995E+03    0.256767E+04   -0.203967E+04    0.528002E+03    0.198122E+01    0.661773E+00    0.232318E+04    0.132443E+02    0.371904E+00
   0.243495E+03    0.257919E+04   -0.203891E+04    0.540279E+03    0.199012E+01    0.640720E+00    0.232232E+04    0.132426E+02    0.372042E+00
   0.243995E+03    0.258152E+04   -0.203615E+04    0.545370E+03    0.199191E+01    0.696846E+00    0.232151E+04    0.132411E+02    0.372172E+00
   0.244495E+03    0.261401E+04   -0.207948E+04    0.534521E+03    0.201698E+01    0.662564E+00    0.232074E+04    0.132396E+02    0.372294E+00
   0.244995E+03    0.257286E+04   -0.203613E+04    0.536738E+03    0.198523E+01    0.548244E+00    0.231986E+04    0.132380E+02    0.372436E+00
   0.245495E+03    0.257763E+04   -0.201753E+04    0.560102E+03    0.198891E+01    0.571687E+00    0.231884E+04    0.132360E+02    0.372600E+00
   0.245995E+03    0.256889E+04   -0.200449E+04    0.564400E+03    0.198217E+01    0.746147E+00    0.231798E+04    0.132344E+02    0.372738E+00
   0.246495E+03    0.264046E+04   -0.208133E+04    0.559127E+03    0.203739E+01    0.568354E+00    0.231718E+04    0.132328E+02    0.372868E+00
   0.246995E+03    0.261279E+04   -0.206542E+04    0.547368E+03    0.201604E+01    0.572826E+00    0.231629E+04    0.132311E+02    0.373011E+00
   0.247495E+03    0.259593E+04   -0.205585E+04    0.540075E+03    0.200303E+01    0.592985E+00    0.231539E+04    0.132294E+02    0.373155E+00
   0.247995E+03    0.257413E+04   -0.203190E+04    0.542231E+03    0.198621E+01    0.706559E+00    0.231459E+04    0.132279E+02    0.373284E+00
   0.248495E+03    0.258878E+04   -0.205204E+04    0.536737E+03    0.199751E+01    0.642948E+00    0.231377E+04    0.132263E+02    0.373417E+00
   0.248995E+03    0.255959E+04   -0.201711E+04    0.542486E+03    0.197499E+01    0.673320E+00    0.231288E+04    0.132247E+02    0.373561E+00
   0.249495E+03    0.258570E+04   -0.202688E+04    0.558827E+03    0.199514E+01    0.670733E+00    0.231208E+04    0.132231E+02    0.373689E+00
   0.249995E+03    0.260101E+04   -0.204064E+04    0.560373E+03    0.200695E+01    0.675607E+00    0.231127E+04    0.132216E+02    0.373821E+00
   0.250495E+03    0.258419E+04   -0.202756E+04    0.556631E+03    0.199397E+01    0.665115E+00    0.231044E+04    0.132200E+02    0.373955E+00
   0.250995E+03    0.260196E+04   -0.204960E+04    0.552359E+03    0.200768E+01    0.614610E+00    0.230958E+04    0.132184E+02    0.374095E+00
   0.251495E+03    0.260203E+04   -0.205640E+04    0.545632E+03    0.200774E+01    0.607954E+00    0.230879E+04    0.132168E+02    0.374223E+00
   0.251995E+03    0.259483E+04   -0.204007E+04    0.554759E+03    0.200218E+01    0.628167E+00    0.230793E+04    0.132152E+02    0.374362E+00
   0.252495E+03    0.267147E+04   -0.212343E+04    0.548046E+03    0.206132E+01    0.576259E+00    0.230711E+04    0.132137E+02    0.374494E+00
   0.252995E+03    0.260357E+04   -0.207374E+04    0.529828E+03    0.200893E+01    0.624403E+00    0.230626E+04    0.132120E+02    0.374632E+00
   0.253495E+03    0.256334E+04   -0.202665E+04    0.536695E+03    0.197789E+01    0.756174E+00    0.230551E+04    0.132106E+02    0.374755E+00
   0.253995E+03    0.256514E+04   -0.202954E+04    0.535605E+03    0.197928E+01    0.668005E+00    0.230466E+04    0.132090E+02    0.374892E+00
   0.254495E+03    0.259023E+04   -0.206439E+04    0.525838E+03    0.199864E+01    0.755257E+00    0.230388E+04    0.132075E+02    0.375019E+00
   0.254995E+03    0.265078E+04   -0.212820E+04    0.522580E+03    0.204536E+01    0.492411E+00    0.230312E+04    0.132060E+02    0.375143E+00
   0.255495E+03    0.263701E+04   -0.211498E+04    0.522029E+03    0.203473E+01    0.524888E+00    0.230231E+04    0.132045E+02    0.375275E+00
   0.255995E+03    0.258996E+04   -0.206231E+04    0.527659E+03    0.199843E+01    0.637200E+00    0.230155E+04    0.132030E+02    0.375399E+00
   0.256495E+03    0.261774E+04   -0.209710E+04    0.520642E+03    0.201986E+01    0.578785E+00    0.230071E+04    0.132014E+02    0.375536E+00
   0.256995E+03    0.261674E+04   -0.209038E+04    0.526361E+03    0.201909E+01    0.584695E+00    0.229989E+04    0.131998E+02    0.375671E+00
   0.257495E+03    0.254718E+04   -0.203253E+04    0.514641E+03    0.196541E+01    0.803111E+00    0.229901E+04    0.131982E+02    0.375814E+00
   0.257995E+03    0.261281E+04   -0.211367E+04    0.499140E+03    0.201606E+01    0.635969E+00    0.229821E+04    0.131966E+02    0.375945E+00
   0.258495E+03    0.256358E+04   -0.205129E+04    0.512290E+03    0.197807E+01    0.718386E+00    0.229753E+04    0.131953E+02    0.376057E+00
   0.258995E+03    0.255760E+04   -0.203381E+04    0.523787E+03    0.197345E+01    0.703208E+00    0.229661E+04    0.131936E+02    0.376207E+00
   0.259495E+03    0.258037E+04   -0.205315E+04    0.527226E+03    0.199103E+01    0.636648E+00    0.229578E+04    0.131920E+02    0.376342E+00
   0.259995E+03    0.257673E+04   -0.204923E+04    0.527501E+03    0.198822E+01    0.645344E+00    0.229489E+04    0.131903E+02    0.376488E+00
   0.260495E+03    0.260807E+04   -0.209621E+04    0.511856E+03    0.201240E+01    0.680249E+00    0.229410E+04    0.131888E+02    0.376619E+00
   0.260995E+03    0.255360E+04   -0.205360E+04    0.500001E+03    0.197037E+01    0.681455E+00    0.229330E+04    0.131872E+02    0.376750E+00
   0.261495E+03    0.259183E+04   -0.206679E+04    0.525043E+03    0.199987E+01    0.588459E+00    0.229238E+04    0.131855E+02    0.376900E+00
   0.261995E+03    0.257414E+04   -0.205385E+04    0.520290E+03    0.198622E+01    0.718126E+00    0.229152E+04    0.131838E+02    0.377043E+00
   0.262495E+03    0.258577E+04   -0.205626E+04    0.529513E+03    0.199519E+01    0.611882E+00    0.229076E+04    0.131824E+02    0.377168E+00
   0.262995E+03    0.258567E+04   -0.204824E+04    0.537433E+03    0.199512E+01    0.597693E+00    0.228993E+04    0.131808E+02    0.377303E+00
   0.263495E+03    0.260655E+04   -0.206842E+04    0.538134E+03    0.201123E+01    0.560006E+00    0.228903E+04    0.131790E+02    0.377453E+00
   0.263995E+03    0.258553E+04   -0.204941E+04    0.536119E+03    0.199500E+01    0.664171E+00    0.228813E+04    0.131773E+02    0.377600E+00
   0.264495E+03    0.262390E+04   -0.209661E+04    0.527287E+03    0.202462E+01    0.539135E+00    0.228739E+04    0.131759E+02    0.377724E+00
   0.264995E+03    0.261008E+04   -0.210140E+04    0.508674E+03    0.201395E+01    0.660642E+00    0.228647E+04    0.131741E+02    0.377875E+00
   0.265495E+03    0.262257E+04   -0.212263E+04    0.499942E+03    0.202359E+01    0.529206E+00    0.228564E+04    0.131725E+02    0.378012E+00
   0.265995E+03    0.261743E+04   -0.212271E+04    0.494713E+03    0.201962E+01    0.565790E+00    0.228467E+04    0.131707E+02    0.378173E+00
   0.266495E+03    0.261584E+04   -0.211462E+04    0.501217E+03    0.201839E+01    0.559545E+00    0.228390E+04    0.131692E+02    0.378300E+00
   0.266995E+03    0.262094E+04   -0.210706E+04    0.513880E+03    0.202233E+01    0.570703E+00    0.228316E+04    0.131678E+02    0.378422E+00
   0.267495E+03    0.259963E+04   -0.210799E+04    0.491649E+03    0.200589E+01    0.726685E+00    0.228240E+04    0.131663E+02    0.378549E+00
   0.267995E+03    0.257917E+04   -0.208474E+04    0.494427E+03    0.199010E+01    0.621335E+00    0.228157E+04    0.131647E+02    0.378687E+00
   0.268495E+03    0.257640E+04   -0.207446E+04    0.501938E+03    0.198796E+01    0.739987E+00    0.228073E+04    0.131631E+02    0.378826E+00
   0.268995E+03    0.255048E+04   -0.204697E+04    0.503508E+03    0.196796E+01    0.718946E+00    0.227986E+04    0.131614E+02    0.378971E+00
   0.269495E+03    0.259038E+04   -0.208636E+04    0.504020E+03    0.199875E+01    0.751241E+00    0.227904E+04    0.131598E+02    0.379107E+00
   0.269995E+03    0.256366E+04   -0.206069E+04    0.502966E+03    0.197813E+01    0.668722E+00    0.227830E+04    0.131584E+02    0.379229E+00
   0.270495E+03    0.256935E+04   -0.206302E+04    0.506328E+03    0.198252E+01    0.681341E+00    0.227744E+04    0.131568E+02    0.379373E+00
   0.270995E+03    0.261964E+04   -0.212297E+04    0.496675E+03    0.202133E+01    0.615364E+00    0.227655E+04    0.131550E+02    0.379521E+00
   0.271495E+03    0.258297E+04   -0.209894E+04    0.484025E+03    0.199303E+01    0.673287E+00    0.227578E+04    0.131536E+02    0.379650E+00
   0.271995E+03    0.260043E+04   -0.212193E+04    0.478495E+03    0.200650E+01    0.646956E+00    0.227502E+04    0.131521E+02    0.379777E+00
   0.272495E+03    0.260127E+04   -0.212060E+04    0.480667E+03    0.200715E+01    0.603798E+00    0.227421E+04    0.131505E+02    0.379912E+00
   0.272995E+03    0.260558E+04   -0.211058E+04    0.495001E+03    0.201048E+01    0.602883E+00    0.227345E+04    0.131491E+02    0.380039E+00
   0.273495E+03    0.259991E+04   -0.209930E+04    0.500615E+03    0.200611E+01    0.671712E+00    0.227263E+04    0.131475E+02    0.380177E+00
   0.273995E+03    0.261980E+04   -0.211562E+04    0.504187E+03    0.202145E+01    0.575748E+00    0.227187E+04    0.131460E+02    0.380303E+00
   0.274495E+03    0.261577E+04   -0.211354E+04    0.502231E+03    0.201834E+01    0.610697E+00    0.227113E+04    0.131446E+02    0.380428E+00
   0.274995E+03    0.259600E+04   -0.208533E+04    0.510675E+03    0.200309E+01    0.709872E+00    0.227038E+04    0.131431E+02    0.380553E+00
   0.275495E+03    0.258439E+04   -0.207340E+04    0.510987E+03    0.199413E+01    0.570781E+00    0.226957E+04    0.131416E+02    0.380689E+00
   0.275995E+03    0.258618E+04   -0.206681E+04    0.519378E+03    0.199551E+01    0.600018E+00    0.226873E+04    0.131400E+02    0.380829E+00
   0.276495E+03    0.261622E+04   -0.209942E+04    0.516797E+03    0.201869E+01    0.671348E+00    0.226795E+04    0.131385E+02    0.380961E+00
   0.276995E+03    0.260232E+04   -0.210767E+04    0.494648E+03    0.200796E+01    0.621165E+00    0.226714E+04    0.131369E+02    0.381097E+00
   0.277495E+03    0.260348E+04   -0.209921E+04    0.504277E+03    0.200886E+01    0.639649E+00    0.226632E+04    0.131353E+02    0.381234E+00
   0.277995E+03    0.260659E+04   -0.211739E+04    0.489203E+03    0.201126E+01    0.636526E+00    0.226549E+04    0.131337E+02    0.381374E+00
   0.278495E+03    0.253530E+04   -0.204626E+04    0.489035E+03    0.195625E+01    0.758399E+00    0.226470E+04    0.131322E+02    0.381508E+00
   0.278995E+03    0.260616E+04   -0.211739E+04    0.488774E+03    0.201093E+01    0.690658E+00    0.226393E+04    0.131307E+02    0.381637E+00
   0.279495E+03    0.260428E+04   -0.211622E+04    0.488065E+03    0.200948E+01    0.628536E+00    0.226319E+04    0.131293E+02    0.381762E+00
   0.279995E+03    0.259688E+04   -0.211512E+04    0.481761E+03    0.200377E+01    0.602228E+00    0.226231E+04    0.131276E+02    0.381910E+00
   0.280495E+03    0.258356E+04   -0.209924E+04    0.484321E+03    0.199349E+01    0.656701E+00    0.226147E+04    0.131259E+02    0.382052E+00
   0.280995E+03    0.254370E+04   -0.204874E+04    0.494957E+03    0.196273E+01    0.680462E+00    0.226070E+04    0.131244E+02    0.382182E+00
   0.281495E+03    0.257453E+04   -0.206813E+04    0.506400E+03    0.198652E+01    0.732920E+00    0.225986E+04    0.131228E+02    0.382325E+00
   0.281995E+03    0.259752E+04   -0.210595E+04    0.491569E+03    0.200426E+01    0.697032E+00    0.225913E+04    0.131214E+02    0.382448E+00
   0.282495E+03    0.255030E+04   -0.207168E+04    0.478628E+03    0.196783E+01    0.889199E+00    0.225848E+04    0.131201E+02    0.382559E+00
   0.282995E+03    0.261869E+04   -0.213615E+04    0.482539E+03    0.202059E+01    0.672732E+00    0.225785E+04    0.131189E+02    0.382665E+00
   0.283495E+03    0.258871E+04   -0.210714E+04    0.481568E+03    0.199746E+01    0.651508E+00    0.225714E+04    0.131175E+02    0.382786E+00
   0.283995E+03    0.258376E+04   -0.209853E+04    0.485227E+03    0.199364E+01    0.706863E+00    0.225637E+04    0.131161E+02    0.382915E+00
   0.284495E+03    0.257880E+04   -0.209524E+04    0.483560E+03    0.198982E+01    0.714002E+00    0.225566E+04    0.131147E+02    0.383037E+00
   0.284995E+03    0.256753E+04   -0.207555E+04    0.491978E+03    0.198112E+01    0.688775E+00    0.225490E+04    0.131132E+02    0.383166E+00
   0.285495E+03    0.259949E+04   -0.210483E+04    0.494665E+03    0.200578E+01    0.736896E+00    0.225420E+04    0.131119E+02    0.383284E+00
   0.285995E+03    0.259434E+04   -0.210449E+04    0.489846E+03    0.200180E+01    0.590412E+00    0.225339E+04    0.131103E+02    0.383423E+00
   0.286495E+03    0.261898E+04   -0.213478E+04    0.484203E+03    0.202082E+01    0.653338E+00    0.225250E+04    0.131086E+02    0.383573E+00
   0.286995E+03    0.259678E+04   -0.212086E+04    0.475922E+03    0.200369E+01    0.614338E+00    0.225165E+04    0.131069E+02    0.383718E+00
   0.287495E+03    0.257826E+04   -0.208733E+04    0.490925E+03    0.198940E+01    0.663519E+00    0.225086E+04    0.131054E+02    0.383854E+00
   0.287995E+03    0.257753E+04   -0.208482E+04    0.492707E+03    0.198883E+01    0.661848E+00    0.225003E+04    0.131038E+02    0.383994E+00
   0.288495E+03    0.261721E+04   -0.213807E+04    0.479138E+03    0.201945E+01    0.649259E+00    0.224929E+04    0.131023E+02    0.384122E+00
   0.288995E+03    0.259923E+04   -0.212695E+04    0.472275E+03    0.200558E+01    0.665482E+00    0.224858E+04    0.131009E+02    0.384243E+00
   0.289495E+03    0.259320E+04   -0.211335E+04    0.479855E+03    0.200093E+01    0.710178E+00    0.224778E+04    0.130994E+02    0.384379E+00
   0.289995E+03    0.260073E+04   -0.212119E+04    0.479537E+03    0.200673E+01    0.614195E+00    0.224705E+04    0.130980E+02    0.384504E+00
   0.290495E+03    0.259774E+04   -0.211532E+04    0.482416E+03    0.200443E+01    0.658722E+00    0.224625E+04    0.130964E+02    0.384640E+00
   0.290995E+03    0.259317E+04   -0.211654E+04    0.476628E+03    0.200090E+01    0.626977E+00    0.224549E+04    0.130949E+02    0.384771E+00
   0.291495E+03    0.253604E+04   -0.205072E+04    0.485326E+03    0.195682E+01    0.800818E+00    0.224469E+04    0.130934E+02    0.384908E+00
   0.291995E+03    0.259733E+04   -0.211591E+04    0.481422E+03    0.200411E+01    0.573644E+00    0.224391E+04    0.130919E+02    0.385043E+00
   0.292495E+03    0.253254E+04   -0.205445E+04    0.478089E+03    0.195412E+01    0.714838E+00    0.224304E+04    0.130902E+02    0.385191E+00
   0.292995E+03    0.260753E+04   -0.212305E+04    0.484482E+03    0.201198E+01    0.641568E+00    0.224232E+04    0.130888E+02    0.385315E+00
   0.293495E+03    0.259724E+04   -0.211604E+04    0.481200E+03    0.200404E+01    0.663812E+00    0.224165E+04    0.130875E+02    0.385430E+00
   0.293995E+03    0.259425E+04   -0.209715E+04    0.497105E+03    0.200174E+01    0.632487E+00    0.224089E+04    0.130860E+02    0.385562E+00
   0.294495E+03    0.264994E+04   -0.216113E+04    0.488816E+03    0.204471E+01    0.516646E+00    0.223998E+04    0.130842E+02    0.385719E+00
   0.294995E+03    0.257585E+04   -0.209138E+04    0.484478E+03    0.198754E+01    0.669339E+00    0.223920E+04    0.130827E+02    0.385851E+00
   0.295495E+03    0.264071E+04   -0.215703E+04    0.483679E+03    0.203758E+01    0.632748E+00    0.223843E+04    0.130812E+02    0.385985E+00
   0.295995E+03    0.258639E+04   -0.211636E+04    0.470024E+03    0.199567E+01    0.654667E+00    0.223776E+04    0.130799E+02    0.386101E+00
   0.296495E+03    0.260914E+04   -0.214732E+04    0.461815E+03    0.201322E+01    0.670483E+00    0.223705E+04    0.130785E+02    0.386222E+00
   0.296995E+03    0.260176E+04   -0.212013E+04    0.481633E+03    0.200753E+01    0.616475E+00    0.223631E+04    0.130771E+02    0.386350E+00
   0.297495E+03    0.261019E+04   -0.213636E+04    0.473830E+03    0.201404E+01    0.632626E+00    0.223563E+04    0.130757E+02    0.386469E+00
   0.297995E+03    0.256372E+04   -0.208863E+04    0.475087E+03    0.197818E+01    0.695167E+00    0.223487E+04    0.130743E+02    0.386599E+00
   0.298495E+03    0.261640E+04   -0.212846E+04    0.487938E+03    0.201883E+01    0.660263E+00    0.223418E+04    0.130729E+02    0.386719E+00
   0.298995E+03    0.257124E+04   -0.208435E+04    0.486894E+03    0.198398E+01    0.731106E+00    0.223346E+04    0.130715E+02    0.386843E+00
   0.299495E+03    0.260542E+04   -0.211916E+04    0.486261E+03    0.201036E+01    0.666991E+00    0.223276E+04    0.130702E+02    0.386965E+00
   0.299995E+03    0.263693E+04   -0.216641E+04    0.470513E+03    0.203467E+01    0.591567E+00    0.223200E+04    0.130687E+02    0.387097E+00
