# numero de partículas   :  864
# densidad               : 0.6000
# temperatura inicial    : 2.0000
# volumen                : 0.144E+04
# rcut                   : 2.5000
# paso temporal          : 0.0050
# pasos de equilibración :  10000
# pasos de medición      :  50000
# t, Ekin, Epot, Etot, Temp, Pres, Vol, L, rho
   0.495000E+00    0.224392E+04   -0.346392E+04   -0.122000E+04    0.173142E+01    0.149897E+01    0.138151E+04    0.111374E+02    0.625401E+00
   0.995000E+00    0.237468E+04   -0.332814E+04   -0.953455E+03    0.183232E+01    0.131803E+01    0.143987E+04    0.112921E+02    0.600056E+00
   0.149500E+01    0.242770E+04   -0.320399E+04   -0.776290E+03    0.187322E+01    0.128590E+01    0.148694E+04    0.114138E+02    0.581057E+00
   0.199500E+01    0.252010E+04   -0.316189E+04   -0.641789E+03    0.194452E+01    0.950651E+00    0.152654E+04    0.115143E+02    0.565985E+00
   0.249500E+01    0.242177E+04   -0.294998E+04   -0.528210E+03    0.186865E+01    0.144012E+01    0.156316E+04    0.116056E+02    0.552727E+00
   0.299500E+01    0.251531E+04   -0.296003E+04   -0.444727E+03    0.194082E+01    0.121543E+01    0.159584E+04    0.116859E+02    0.541407E+00
   0.349500E+01    0.255156E+04   -0.294930E+04   -0.397741E+03    0.196880E+01    0.101441E+01    0.161358E+04    0.117291E+02    0.535454E+00
   0.399500E+01    0.256386E+04   -0.290976E+04   -0.345899E+03    0.197828E+01    0.100862E+01    0.162886E+04    0.117660E+02    0.530433E+00
   0.449500E+01    0.250507E+04   -0.280382E+04   -0.298745E+03    0.193293E+01    0.130359E+01    0.165558E+04    0.118300E+02    0.521872E+00
   0.499500E+01    0.251380E+04   -0.278199E+04   -0.268193E+03    0.193966E+01    0.122625E+01    0.167452E+04    0.118749E+02    0.515968E+00
   0.549500E+01    0.257169E+04   -0.281585E+04   -0.244154E+03    0.198433E+01    0.104309E+01    0.168736E+04    0.119052E+02    0.512042E+00
   0.599500E+01    0.255400E+04   -0.275849E+04   -0.204487E+03    0.197068E+01    0.108222E+01    0.170577E+04    0.119483E+02    0.506517E+00
   0.649500E+01    0.256084E+04   -0.273955E+04   -0.178709E+03    0.197596E+01    0.105486E+01    0.172028E+04    0.119821E+02    0.502245E+00
   0.699500E+01    0.256563E+04   -0.272201E+04   -0.156380E+03    0.197965E+01    0.104763E+01    0.172244E+04    0.119871E+02    0.501614E+00
   0.749500E+01    0.259429E+04   -0.273298E+04   -0.138690E+03    0.200177E+01    0.964855E+00    0.172692E+04    0.119975E+02    0.500314E+00
   0.799500E+01    0.256816E+04   -0.269575E+04   -0.127588E+03    0.198161E+01    0.104549E+01    0.173710E+04    0.120210E+02    0.497380E+00
   0.849500E+01    0.258602E+04   -0.269867E+04   -0.112652E+03    0.199539E+01    0.992281E+00    0.174056E+04    0.120290E+02    0.496393E+00
   0.899500E+01    0.260782E+04   -0.271600E+04   -0.108185E+03    0.201221E+01    0.950298E+00    0.174147E+04    0.120311E+02    0.496132E+00
   0.949500E+01    0.258459E+04   -0.268696E+04   -0.102369E+03    0.199429E+01    0.101843E+01    0.175449E+04    0.120610E+02    0.492452E+00
   0.999500E+01    0.258862E+04   -0.268070E+04   -0.920809E+02    0.199739E+01    0.977197E+00    0.175667E+04    0.120660E+02    0.491839E+00
   0.104950E+02    0.258904E+04   -0.269287E+04   -0.103832E+03    0.199772E+01    0.100749E+01    0.175179E+04    0.120548E+02    0.493210E+00
   0.109950E+02    0.258619E+04   -0.268771E+04   -0.101516E+03    0.199552E+01    0.988678E+00    0.175622E+04    0.120650E+02    0.491967E+00
   0.114950E+02    0.259457E+04   -0.267762E+04   -0.830533E+02    0.200198E+01    0.100850E+01    0.176002E+04    0.120737E+02    0.490904E+00
   0.119950E+02    0.259343E+04   -0.267642E+04   -0.829853E+02    0.200110E+01    0.103495E+01    0.176098E+04    0.120759E+02    0.490635E+00
   0.124950E+02    0.257606E+04   -0.264899E+04   -0.729296E+02    0.198770E+01    0.105478E+01    0.176698E+04    0.120896E+02    0.488971E+00
   0.129950E+02    0.264574E+04   -0.270283E+04   -0.570931E+02    0.204146E+01    0.745376E+00    0.176597E+04    0.120873E+02    0.489250E+00
   0.134950E+02    0.260879E+04   -0.266004E+04   -0.512459E+02    0.201296E+01    0.975539E+00    0.177082E+04    0.120983E+02    0.487911E+00
   0.139950E+02    0.260959E+04   -0.268481E+04   -0.752147E+02    0.201357E+01    0.104580E+01    0.177619E+04    0.121105E+02    0.486434E+00
   0.144950E+02    0.255441E+04   -0.261960E+04   -0.651879E+02    0.197099E+01    0.106017E+01    0.177905E+04    0.121170E+02    0.485653E+00
   0.149950E+02    0.257606E+04   -0.264741E+04   -0.713578E+02    0.198770E+01    0.110526E+01    0.177436E+04    0.121064E+02    0.486935E+00
   0.154950E+02    0.254536E+04   -0.261165E+04   -0.662920E+02    0.196401E+01    0.101552E+01    0.176850E+04    0.120930E+02    0.488549E+00
   0.159950E+02    0.263987E+04   -0.271763E+04   -0.777545E+02    0.203694E+01    0.913987E+00    0.176555E+04    0.120863E+02    0.489367E+00
   0.164950E+02    0.261082E+04   -0.268786E+04   -0.770465E+02    0.201452E+01    0.957308E+00    0.177037E+04    0.120973E+02    0.488032E+00
   0.169950E+02    0.254684E+04   -0.261903E+04   -0.721956E+02    0.196515E+01    0.115900E+01    0.177244E+04    0.121020E+02    0.487465E+00
   0.174950E+02    0.261020E+04   -0.267641E+04   -0.662140E+02    0.201404E+01    0.878721E+00    0.177193E+04    0.121008E+02    0.487605E+00
   0.179950E+02    0.260294E+04   -0.266624E+04   -0.633074E+02    0.200844E+01    0.945495E+00    0.177029E+04    0.120971E+02    0.488055E+00
   0.184950E+02    0.260601E+04   -0.267425E+04   -0.682453E+02    0.201081E+01    0.916143E+00    0.177589E+04    0.121098E+02    0.486517E+00
   0.189950E+02    0.257361E+04   -0.262295E+04   -0.493331E+02    0.198581E+01    0.105936E+01    0.178494E+04    0.121304E+02    0.484049E+00
   0.194950E+02    0.259429E+04   -0.264406E+04   -0.497668E+02    0.200177E+01    0.101579E+01    0.178667E+04    0.121343E+02    0.483580E+00
   0.199950E+02    0.259198E+04   -0.263605E+04   -0.440702E+02    0.199998E+01    0.972479E+00    0.178271E+04    0.121253E+02    0.484655E+00
   0.204950E+02    0.261560E+04   -0.264725E+04   -0.316528E+02    0.201821E+01    0.989417E+00    0.178718E+04    0.121355E+02    0.483444E+00
   0.209950E+02    0.261121E+04   -0.264749E+04   -0.362868E+02    0.201482E+01    0.938704E+00    0.178444E+04    0.121293E+02    0.484185E+00
   0.214950E+02    0.256595E+04   -0.261116E+04   -0.452159E+02    0.197990E+01    0.109962E+01    0.178728E+04    0.121357E+02    0.483417E+00
   0.219950E+02    0.259161E+04   -0.263818E+04   -0.465787E+02    0.199970E+01    0.102210E+01    0.178440E+04    0.121292E+02    0.484195E+00
   0.224950E+02    0.264263E+04   -0.268270E+04   -0.400731E+02    0.203907E+01    0.837264E+00    0.178621E+04    0.121333E+02    0.483705E+00
   0.229950E+02    0.253788E+04   -0.257946E+04   -0.415829E+02    0.195824E+01    0.117130E+01    0.178272E+04    0.121254E+02    0.484651E+00
   0.234950E+02    0.254158E+04   -0.258144E+04   -0.398571E+02    0.196110E+01    0.116681E+01    0.178731E+04    0.121358E+02    0.483407E+00
   0.239950E+02    0.263459E+04   -0.266021E+04   -0.256168E+02    0.203287E+01    0.834429E+00    0.178926E+04    0.121402E+02    0.482881E+00
   0.244950E+02    0.258784E+04   -0.261490E+04   -0.270585E+02    0.199679E+01    0.105529E+01    0.178781E+04    0.121369E+02    0.483272E+00
   0.249950E+02    0.259240E+04   -0.263438E+04   -0.419858E+02    0.200031E+01    0.970731E+00    0.178095E+04    0.121213E+02    0.485135E+00
   0.254950E+02    0.260165E+04   -0.264326E+04   -0.416054E+02    0.200745E+01    0.107289E+01    0.178321E+04    0.121265E+02    0.484518E+00
   0.259950E+02    0.259351E+04   -0.264182E+04   -0.483119E+02    0.200117E+01    0.106230E+01    0.178806E+04    0.121374E+02    0.483206E+00
   0.264950E+02    0.256477E+04   -0.261455E+04   -0.497818E+02    0.197899E+01    0.100648E+01    0.178968E+04    0.121411E+02    0.482767E+00
   0.269950E+02    0.263375E+04   -0.267272E+04   -0.389691E+02    0.203221E+01    0.843145E+00    0.179325E+04    0.121492E+02    0.481808E+00
   0.274950E+02    0.255582E+04   -0.258104E+04   -0.252138E+02    0.197209E+01    0.103598E+01    0.179688E+04    0.121574E+02    0.480833E+00
   0.279950E+02    0.263983E+04   -0.265209E+04   -0.122580E+02    0.203691E+01    0.866829E+00    0.179190E+04    0.121461E+02    0.482169E+00
   0.284950E+02    0.264294E+04   -0.267253E+04   -0.295906E+02    0.203931E+01    0.103800E+01    0.178969E+04    0.121411E+02    0.482766E+00
   0.289950E+02    0.258827E+04   -0.263243E+04   -0.441624E+02    0.199712E+01    0.101598E+01    0.178610E+04    0.121330E+02    0.483734E+00
   0.294950E+02    0.255335E+04   -0.260795E+04   -0.546064E+02    0.197018E+01    0.102526E+01    0.178523E+04    0.121310E+02    0.483972E+00
   0.299950E+02    0.260898E+04   -0.265019E+04   -0.412057E+02    0.201310E+01    0.994598E+00    0.178550E+04    0.121317E+02    0.483898E+00
   0.304950E+02    0.260150E+04   -0.262721E+04   -0.257113E+02    0.200733E+01    0.943060E+00    0.178538E+04    0.121314E+02    0.483932E+00
   0.309950E+02    0.260881E+04   -0.265415E+04   -0.453432E+02    0.201297E+01    0.941438E+00    0.177100E+04    0.120987E+02    0.487861E+00
   0.314950E+02    0.259262E+04   -0.264962E+04   -0.570034E+02    0.200048E+01    0.104710E+01    0.177820E+04    0.121151E+02    0.485885E+00
   0.319950E+02    0.260460E+04   -0.266360E+04   -0.590087E+02    0.200972E+01    0.922040E+00    0.178074E+04    0.121209E+02    0.485191E+00
   0.324950E+02    0.258564E+04   -0.264730E+04   -0.616640E+02    0.199509E+01    0.968569E+00    0.177951E+04    0.121181E+02    0.485528E+00
   0.329950E+02    0.258448E+04   -0.263356E+04   -0.490850E+02    0.199420E+01    0.101738E+01    0.177894E+04    0.121168E+02    0.485684E+00
   0.334950E+02    0.260282E+04   -0.265409E+04   -0.512779E+02    0.200835E+01    0.998473E+00    0.178275E+04    0.121254E+02    0.484643E+00
   0.339950E+02    0.259484E+04   -0.265315E+04   -0.583024E+02    0.200219E+01    0.936598E+00    0.177451E+04    0.121067E+02    0.486894E+00
   0.344950E+02    0.259848E+04   -0.266247E+04   -0.639885E+02    0.200500E+01    0.105400E+01    0.177345E+04    0.121043E+02    0.487187E+00
   0.349950E+02    0.257546E+04   -0.262324E+04   -0.477781E+02    0.198724E+01    0.106178E+01    0.178442E+04    0.121292E+02    0.484192E+00
   0.354950E+02    0.257104E+04   -0.260802E+04   -0.369801E+02    0.198383E+01    0.106350E+01    0.178940E+04    0.121405E+02    0.482842E+00
   0.359950E+02    0.259914E+04   -0.264189E+04   -0.427497E+02    0.200551E+01    0.107843E+01    0.179643E+04    0.121563E+02    0.480955E+00
   0.364950E+02    0.260347E+04   -0.265844E+04   -0.549696E+02    0.200885E+01    0.878049E+00    0.178435E+04    0.121291E+02    0.484209E+00
   0.369950E+02    0.254931E+04   -0.259698E+04   -0.476781E+02    0.196706E+01    0.109999E+01    0.178330E+04    0.121267E+02    0.484496E+00
   0.374950E+02    0.263575E+04   -0.267838E+04   -0.426286E+02    0.203376E+01    0.822087E+00    0.178395E+04    0.121281E+02    0.484318E+00
   0.379950E+02    0.262713E+04   -0.267262E+04   -0.454910E+02    0.202711E+01    0.862838E+00    0.178926E+04    0.121402E+02    0.482882E+00
   0.384950E+02    0.258095E+04   -0.263793E+04   -0.569790E+02    0.199148E+01    0.101247E+01    0.178751E+04    0.121362E+02    0.483353E+00
   0.389950E+02    0.263844E+04   -0.270212E+04   -0.636815E+02    0.203583E+01    0.823941E+00    0.177940E+04    0.121178E+02    0.485556E+00
   0.394950E+02    0.260216E+04   -0.267023E+04   -0.680644E+02    0.200784E+01    0.103125E+01    0.177841E+04    0.121156E+02    0.485827E+00
   0.399950E+02    0.256988E+04   -0.263127E+04   -0.613860E+02    0.198294E+01    0.995429E+00    0.178155E+04    0.121227E+02    0.484970E+00
   0.404950E+02    0.257177E+04   -0.261909E+04   -0.473151E+02    0.198439E+01    0.107284E+01    0.178767E+04    0.121366E+02    0.483312E+00
   0.409950E+02    0.260979E+04   -0.266282E+04   -0.530324E+02    0.201373E+01    0.944640E+00    0.178436E+04    0.121291E+02    0.484206E+00
   0.414950E+02    0.265191E+04   -0.270756E+04   -0.556443E+02    0.204623E+01    0.762485E+00    0.177845E+04    0.121157E+02    0.485817E+00
   0.419950E+02    0.259550E+04   -0.265210E+04   -0.566031E+02    0.200270E+01    0.967188E+00    0.178254E+04    0.121249E+02    0.484703E+00
   0.424950E+02    0.258330E+04   -0.262939E+04   -0.460944E+02    0.199329E+01    0.105099E+01    0.178220E+04    0.121242E+02    0.484795E+00
   0.429950E+02    0.260659E+04   -0.265347E+04   -0.468802E+02    0.201126E+01    0.899257E+00    0.177958E+04    0.121182E+02    0.485507E+00
   0.434950E+02    0.258745E+04   -0.263463E+04   -0.471796E+02    0.199649E+01    0.104606E+01    0.177781E+04    0.121142E+02    0.485992E+00
   0.439950E+02    0.255751E+04   -0.259656E+04   -0.390483E+02    0.197339E+01    0.116007E+01    0.178709E+04    0.121353E+02    0.483466E+00
   0.444950E+02    0.258750E+04   -0.262054E+04   -0.330390E+02    0.199653E+01    0.104057E+01    0.179351E+04    0.121498E+02    0.481737E+00
   0.449950E+02    0.260676E+04   -0.262647E+04   -0.197077E+02    0.201139E+01    0.902386E+00    0.179983E+04    0.121640E+02    0.480046E+00
   0.454950E+02    0.252793E+04   -0.254585E+04   -0.179207E+02    0.195056E+01    0.102573E+01    0.179697E+04    0.121576E+02    0.480809E+00
   0.459950E+02    0.255987E+04   -0.258841E+04   -0.285436E+02    0.197521E+01    0.108987E+01    0.178743E+04    0.121360E+02    0.483377E+00
   0.464950E+02    0.257701E+04   -0.261111E+04   -0.341040E+02    0.198843E+01    0.105452E+01    0.179596E+04    0.121553E+02    0.481080E+00
   0.469950E+02    0.266114E+04   -0.269234E+04   -0.311951E+02    0.205335E+01    0.755078E+00    0.178537E+04    0.121314E+02    0.483932E+00
   0.474950E+02    0.258927E+04   -0.263150E+04   -0.422382E+02    0.199789E+01    0.110436E+01    0.178980E+04    0.121414E+02    0.482736E+00
   0.479950E+02    0.260880E+04   -0.265732E+04   -0.485186E+02    0.201296E+01    0.989785E+00    0.179517E+04    0.121535E+02    0.481291E+00
   0.484950E+02    0.256233E+04   -0.260088E+04   -0.385426E+02    0.197711E+01    0.104926E+01    0.180177E+04    0.121684E+02    0.479528E+00
   0.489950E+02    0.256358E+04   -0.259637E+04   -0.327856E+02    0.197807E+01    0.114115E+01    0.179898E+04    0.121621E+02    0.480271E+00
   0.494950E+02    0.265109E+04   -0.268329E+04   -0.322008E+02    0.204560E+01    0.773524E+00    0.180270E+04    0.121705E+02    0.479281E+00
   0.499950E+02    0.260125E+04   -0.264764E+04   -0.463880E+02    0.200714E+01    0.934615E+00    0.179800E+04    0.121599E+02    0.480534E+00
   0.504950E+02    0.254792E+04   -0.257633E+04   -0.284136E+02    0.196598E+01    0.113911E+01    0.180087E+04    0.121664E+02    0.479768E+00
   0.509950E+02    0.256107E+04   -0.258958E+04   -0.285137E+02    0.197613E+01    0.109674E+01    0.179350E+04    0.121497E+02    0.481741E+00
   0.514950E+02    0.261400E+04   -0.264357E+04   -0.295704E+02    0.201697E+01    0.970251E+00    0.179433E+04    0.121516E+02    0.481517E+00
   0.519950E+02    0.263995E+04   -0.268171E+04   -0.417633E+02    0.203700E+01    0.856284E+00    0.179198E+04    0.121463E+02    0.482148E+00
   0.524950E+02    0.258419E+04   -0.262343E+04   -0.392335E+02    0.199398E+01    0.106648E+01    0.179327E+04    0.121492E+02    0.481802E+00
   0.529950E+02    0.258013E+04   -0.263102E+04   -0.508897E+02    0.199084E+01    0.106253E+01    0.178952E+04    0.121407E+02    0.482812E+00
   0.534950E+02    0.260812E+04   -0.265130E+04   -0.431840E+02    0.201244E+01    0.923389E+00    0.179051E+04    0.121430E+02    0.482543E+00
   0.539950E+02    0.260922E+04   -0.264839E+04   -0.391658E+02    0.201329E+01    0.919556E+00    0.178471E+04    0.121299E+02    0.484113E+00
   0.544950E+02    0.259921E+04   -0.264693E+04   -0.477268E+02    0.200556E+01    0.101878E+01    0.177412E+04    0.121058E+02    0.487002E+00
   0.549950E+02    0.253812E+04   -0.259386E+04   -0.557423E+02    0.195842E+01    0.116572E+01    0.178180E+04    0.121233E+02    0.484902E+00
   0.554950E+02    0.259252E+04   -0.263655E+04   -0.440291E+02    0.200040E+01    0.987122E+00    0.179284E+04    0.121483E+02    0.481916E+00
   0.559950E+02    0.262766E+04   -0.267517E+04   -0.475078E+02    0.202752E+01    0.907197E+00    0.178598E+04    0.121327E+02    0.483768E+00
   0.564950E+02    0.254862E+04   -0.258536E+04   -0.367332E+02    0.196653E+01    0.111391E+01    0.179544E+04    0.121541E+02    0.481219E+00
   0.569950E+02    0.259839E+04   -0.263591E+04   -0.375109E+02    0.200493E+01    0.104515E+01    0.178809E+04    0.121375E+02    0.483196E+00
   0.574950E+02    0.257614E+04   -0.262391E+04   -0.477698E+02    0.198777E+01    0.100842E+01    0.178655E+04    0.121340E+02    0.483615E+00
   0.579950E+02    0.257100E+04   -0.262391E+04   -0.529106E+02    0.198380E+01    0.978476E+00    0.177265E+04    0.121025E+02    0.487405E+00
   0.584950E+02    0.262369E+04   -0.267744E+04   -0.537595E+02    0.202445E+01    0.869909E+00    0.176953E+04    0.120954E+02    0.488264E+00
   0.589950E+02    0.259912E+04   -0.266471E+04   -0.655916E+02    0.200550E+01    0.110781E+01    0.177277E+04    0.121027E+02    0.487373E+00
   0.594950E+02    0.262311E+04   -0.268842E+04   -0.653175E+02    0.202400E+01    0.875785E+00    0.177100E+04    0.120987E+02    0.487859E+00
   0.599950E+02    0.259908E+04   -0.266640E+04   -0.673199E+02    0.200546E+01    0.913418E+00    0.177671E+04    0.121117E+02    0.486293E+00
   0.604950E+02    0.261268E+04   -0.268650E+04   -0.738193E+02    0.201596E+01    0.876445E+00    0.176843E+04    0.120929E+02    0.488570E+00
   0.609950E+02    0.260338E+04   -0.268475E+04   -0.813731E+02    0.200878E+01    0.999487E+00    0.176836E+04    0.120927E+02    0.488589E+00
   0.614950E+02    0.258904E+04   -0.267717E+04   -0.881335E+02    0.199772E+01    0.982657E+00    0.176579E+04    0.120869E+02    0.489298E+00
   0.619950E+02    0.254522E+04   -0.262612E+04   -0.809085E+02    0.196390E+01    0.109719E+01    0.176117E+04    0.120763E+02    0.490583E+00
   0.624950E+02    0.258086E+04   -0.266090E+04   -0.800452E+02    0.199140E+01    0.101609E+01    0.176462E+04    0.120842E+02    0.489624E+00
   0.629950E+02    0.257852E+04   -0.264727E+04   -0.687584E+02    0.198959E+01    0.981408E+00    0.176917E+04    0.120946E+02    0.488364E+00
   0.634950E+02    0.262394E+04   -0.269017E+04   -0.662276E+02    0.202464E+01    0.858048E+00    0.177483E+04    0.121074E+02    0.486809E+00
   0.639950E+02    0.256010E+04   -0.263540E+04   -0.753038E+02    0.197538E+01    0.112997E+01    0.177674E+04    0.121118E+02    0.486285E+00
   0.644950E+02    0.258636E+04   -0.265965E+04   -0.732881E+02    0.199565E+01    0.932174E+00    0.178054E+04    0.121204E+02    0.485247E+00
   0.649950E+02    0.256475E+04   -0.262410E+04   -0.593545E+02    0.197897E+01    0.103732E+01    0.178502E+04    0.121306E+02    0.484029E+00
   0.654950E+02    0.252488E+04   -0.256794E+04   -0.430541E+02    0.194821E+01    0.114267E+01    0.178199E+04    0.121237E+02    0.484852E+00
   0.659950E+02    0.257720E+04   -0.263393E+04   -0.567242E+02    0.198858E+01    0.116484E+01    0.177872E+04    0.121163E+02    0.485743E+00
   0.664950E+02    0.258860E+04   -0.264963E+04   -0.610284E+02    0.199738E+01    0.910979E+00    0.178047E+04    0.121203E+02    0.485265E+00
   0.669950E+02    0.260202E+04   -0.263840E+04   -0.363773E+02    0.200773E+01    0.898831E+00    0.178069E+04    0.121208E+02    0.485205E+00
   0.674950E+02    0.259643E+04   -0.263343E+04   -0.369979E+02    0.200342E+01    0.101659E+01    0.177722E+04    0.121129E+02    0.486153E+00
   0.679950E+02    0.259052E+04   -0.263100E+04   -0.404812E+02    0.199886E+01    0.100633E+01    0.178838E+04    0.121382E+02    0.483119E+00
   0.684950E+02    0.260117E+04   -0.265260E+04   -0.514340E+02    0.200707E+01    0.104558E+01    0.178032E+04    0.121199E+02    0.485306E+00
   0.689950E+02    0.254981E+04   -0.259999E+04   -0.501864E+02    0.196744E+01    0.108321E+01    0.178959E+04    0.121409E+02    0.482792E+00
   0.694950E+02    0.255178E+04   -0.259202E+04   -0.402343E+02    0.196897E+01    0.111633E+01    0.179203E+04    0.121464E+02    0.482135E+00
   0.699950E+02    0.257232E+04   -0.260671E+04   -0.343921E+02    0.198481E+01    0.103373E+01    0.179107E+04    0.121443E+02    0.482392E+00
   0.704950E+02    0.256526E+04   -0.260257E+04   -0.373070E+02    0.197937E+01    0.106025E+01    0.179000E+04    0.121418E+02    0.482682E+00
   0.709950E+02    0.258386E+04   -0.263276E+04   -0.488962E+02    0.199372E+01    0.101146E+01    0.178626E+04    0.121334E+02    0.483691E+00
   0.714950E+02    0.258833E+04   -0.264440E+04   -0.560665E+02    0.199717E+01    0.993232E+00    0.178028E+04    0.121198E+02    0.485318E+00
   0.719950E+02    0.258629E+04   -0.264815E+04   -0.618631E+02    0.199559E+01    0.103106E+01    0.177563E+04    0.121092E+02    0.486589E+00
   0.724950E+02    0.261261E+04   -0.267553E+04   -0.629158E+02    0.201590E+01    0.911303E+00    0.177594E+04    0.121100E+02    0.486504E+00
   0.729950E+02    0.253627E+04   -0.259633E+04   -0.600643E+02    0.195700E+01    0.123396E+01    0.178621E+04    0.121333E+02    0.483706E+00
   0.734950E+02    0.262992E+04   -0.267249E+04   -0.425673E+02    0.202926E+01    0.766902E+00    0.179365E+04    0.121501E+02    0.481699E+00
   0.739950E+02    0.259603E+04   -0.264956E+04   -0.535288E+02    0.200311E+01    0.922493E+00    0.177919E+04    0.121173E+02    0.485614E+00
   0.744950E+02    0.255258E+04   -0.259835E+04   -0.457705E+02    0.196958E+01    0.106384E+01    0.177243E+04    0.121020E+02    0.487466E+00
   0.749950E+02    0.266436E+04   -0.272201E+04   -0.576539E+02    0.205583E+01    0.861947E+00    0.177434E+04    0.121063E+02    0.486940E+00
   0.754950E+02    0.261815E+04   -0.267512E+04   -0.569723E+02    0.202018E+01    0.950567E+00    0.177923E+04    0.121174E+02    0.485603E+00
   0.759950E+02    0.256382E+04   -0.260159E+04   -0.377763E+02    0.197825E+01    0.995183E+00    0.178646E+04    0.121338E+02    0.483639E+00
   0.764950E+02    0.260989E+04   -0.264263E+04   -0.327350E+02    0.201380E+01    0.954276E+00    0.178896E+04    0.121395E+02    0.482961E+00
   0.769950E+02    0.258410E+04   -0.262125E+04   -0.371492E+02    0.199390E+01    0.105664E+01    0.177825E+04    0.121152E+02    0.485872E+00
   0.774950E+02    0.255511E+04   -0.259547E+04   -0.403600E+02    0.197154E+01    0.110608E+01    0.178519E+04    0.121309E+02    0.483983E+00
   0.779950E+02    0.264671E+04   -0.269487E+04   -0.481640E+02    0.204221E+01    0.842344E+00    0.179153E+04    0.121453E+02    0.482270E+00
   0.784950E+02    0.258417E+04   -0.262608E+04   -0.419057E+02    0.199396E+01    0.966605E+00    0.178463E+04    0.121297E+02    0.484135E+00
   0.789950E+02    0.259698E+04   -0.263708E+04   -0.400974E+02    0.200384E+01    0.975710E+00    0.178452E+04    0.121294E+02    0.484165E+00
   0.794950E+02    0.259134E+04   -0.263396E+04   -0.426158E+02    0.199949E+01    0.104496E+01    0.178299E+04    0.121260E+02    0.484579E+00
   0.799950E+02    0.260684E+04   -0.265396E+04   -0.471218E+02    0.201145E+01    0.941385E+00    0.178557E+04    0.121318E+02    0.483878E+00
   0.804950E+02    0.258297E+04   -0.261735E+04   -0.343841E+02    0.199303E+01    0.105618E+01    0.178920E+04    0.121400E+02    0.482898E+00
   0.809950E+02    0.260605E+04   -0.266026E+04   -0.542095E+02    0.201084E+01    0.100248E+01    0.178286E+04    0.121257E+02    0.484614E+00
   0.814950E+02    0.259163E+04   -0.265983E+04   -0.682026E+02    0.199971E+01    0.101310E+01    0.177856E+04    0.121159E+02    0.485787E+00
   0.819950E+02    0.254616E+04   -0.262000E+04   -0.738408E+02    0.196463E+01    0.112037E+01    0.176996E+04    0.120964E+02    0.488145E+00
   0.824950E+02    0.259571E+04   -0.267065E+04   -0.749409E+02    0.200286E+01    0.942270E+00    0.177434E+04    0.121063E+02    0.486942E+00
   0.829950E+02    0.256629E+04   -0.262806E+04   -0.617750E+02    0.198016E+01    0.104142E+01    0.177358E+04    0.121046E+02    0.487150E+00
   0.834950E+02    0.260193E+04   -0.266487E+04   -0.629403E+02    0.200766E+01    0.997106E+00    0.176655E+04    0.120886E+02    0.489089E+00
   0.839950E+02    0.259724E+04   -0.266128E+04   -0.640420E+02    0.200404E+01    0.110858E+01    0.177190E+04    0.121008E+02    0.487613E+00
   0.844950E+02    0.259069E+04   -0.265596E+04   -0.652666E+02    0.199899E+01    0.104338E+01    0.178512E+04    0.121308E+02    0.484000E+00
   0.849950E+02    0.255631E+04   -0.261115E+04   -0.548397E+02    0.197246E+01    0.107120E+01    0.178458E+04    0.121296E+02    0.484149E+00
   0.854950E+02    0.255690E+04   -0.260943E+04   -0.525306E+02    0.197292E+01    0.105343E+01    0.178715E+04    0.121354E+02    0.483451E+00
   0.859950E+02    0.261888E+04   -0.265510E+04   -0.362141E+02    0.202074E+01    0.900697E+00    0.178915E+04    0.121399E+02    0.482911E+00
   0.864950E+02    0.264270E+04   -0.268096E+04   -0.382606E+02    0.203912E+01    0.909541E+00    0.178341E+04    0.121269E+02    0.484464E+00
   0.869950E+02    0.258967E+04   -0.265045E+04   -0.607838E+02    0.199820E+01    0.100283E+01    0.178008E+04    0.121194E+02    0.485372E+00
   0.874950E+02    0.260763E+04   -0.267439E+04   -0.667614E+02    0.201206E+01    0.991598E+00    0.178332E+04    0.121267E+02    0.484491E+00
   0.879950E+02    0.255660E+04   -0.261297E+04   -0.563729E+02    0.197269E+01    0.104735E+01    0.178247E+04    0.121248E+02    0.484720E+00
   0.884950E+02    0.256624E+04   -0.264581E+04   -0.795654E+02    0.198013E+01    0.101072E+01    0.176471E+04    0.120844E+02    0.489599E+00
   0.889950E+02    0.262571E+04   -0.269958E+04   -0.738713E+02    0.202601E+01    0.888348E+00    0.177184E+04    0.121006E+02    0.487629E+00
   0.894950E+02    0.254010E+04   -0.262092E+04   -0.808186E+02    0.195995E+01    0.107333E+01    0.176722E+04    0.120901E+02    0.488905E+00
   0.899950E+02    0.256865E+04   -0.265451E+04   -0.858621E+02    0.198198E+01    0.104812E+01    0.176069E+04    0.120752E+02    0.490715E+00
   0.904950E+02    0.259922E+04   -0.267865E+04   -0.794295E+02    0.200557E+01    0.100672E+01    0.176487E+04    0.120848E+02    0.489554E+00
   0.909950E+02    0.257419E+04   -0.264824E+04   -0.740525E+02    0.198626E+01    0.110174E+01    0.176945E+04    0.120952E+02    0.488288E+00
   0.914950E+02    0.257758E+04   -0.263500E+04   -0.574119E+02    0.198888E+01    0.104033E+01    0.177963E+04    0.121183E+02    0.485494E+00
   0.919950E+02    0.258723E+04   -0.263925E+04   -0.520249E+02    0.199632E+01    0.924802E+00    0.177700E+04    0.121124E+02    0.486213E+00
   0.924950E+02    0.255033E+04   -0.260985E+04   -0.595180E+02    0.196785E+01    0.112085E+01    0.176987E+04    0.120962E+02    0.488171E+00
   0.929950E+02    0.256324E+04   -0.261294E+04   -0.497048E+02    0.197781E+01    0.111730E+01    0.177288E+04    0.121030E+02    0.487342E+00
   0.934950E+02    0.257786E+04   -0.263027E+04   -0.524083E+02    0.198909E+01    0.103803E+01    0.177474E+04    0.121072E+02    0.486833E+00
   0.939950E+02    0.258929E+04   -0.263294E+04   -0.436453E+02    0.199791E+01    0.101175E+01    0.177553E+04    0.121090E+02    0.486616E+00
   0.944950E+02    0.262701E+04   -0.268363E+04   -0.566209E+02    0.202702E+01    0.992042E+00    0.177627E+04    0.121107E+02    0.486414E+00
   0.949950E+02    0.260479E+04   -0.265898E+04   -0.541911E+02    0.200987E+01    0.991192E+00    0.177556E+04    0.121091E+02    0.486606E+00
   0.954950E+02    0.259697E+04   -0.264866E+04   -0.516883E+02    0.200383E+01    0.101558E+01    0.177683E+04    0.121120E+02    0.486259E+00
   0.959950E+02    0.261629E+04   -0.266755E+04   -0.512586E+02    0.201874E+01    0.999343E+00    0.178170E+04    0.121230E+02    0.484929E+00
   0.964950E+02    0.259064E+04   -0.264433E+04   -0.536914E+02    0.199895E+01    0.104266E+01    0.178520E+04    0.121310E+02    0.483981E+00
   0.969950E+02    0.263940E+04   -0.269645E+04   -0.570567E+02    0.203657E+01    0.790499E+00    0.177612E+04    0.121104E+02    0.486453E+00
   0.974950E+02    0.255489E+04   -0.262231E+04   -0.674257E+02    0.197136E+01    0.105078E+01    0.176961E+04    0.120955E+02    0.488244E+00
   0.979950E+02    0.257838E+04   -0.262708E+04   -0.486991E+02    0.198949E+01    0.109446E+01    0.178230E+04    0.121244E+02    0.484766E+00
   0.984950E+02    0.257066E+04   -0.261812E+04   -0.474655E+02    0.198353E+01    0.999932E+00    0.178200E+04    0.121237E+02    0.484847E+00
   0.989950E+02    0.259428E+04   -0.264850E+04   -0.542167E+02    0.200176E+01    0.103360E+01    0.178335E+04    0.121268E+02    0.484480E+00
   0.994950E+02    0.259684E+04   -0.265357E+04   -0.567262E+02    0.200373E+01    0.990294E+00    0.177834E+04    0.121154E+02    0.485846E+00
   0.999950E+02    0.255056E+04   -0.260903E+04   -0.584749E+02    0.196802E+01    0.103121E+01    0.177671E+04    0.121117E+02    0.486293E+00
   0.100495E+03    0.260611E+04   -0.266280E+04   -0.566981E+02    0.201088E+01    0.942525E+00    0.177060E+04    0.120978E+02    0.487969E+00
   0.100995E+03    0.255217E+04   -0.260693E+04   -0.547657E+02    0.196926E+01    0.111720E+01    0.177566E+04    0.121093E+02    0.486579E+00
   0.101495E+03    0.259227E+04   -0.263697E+04   -0.447051E+02    0.200021E+01    0.108211E+01    0.179371E+04    0.121502E+02    0.481683E+00
   0.101995E+03    0.256954E+04   -0.260616E+04   -0.366255E+02    0.198267E+01    0.109158E+01    0.179903E+04    0.121622E+02    0.480260E+00
   0.102495E+03    0.256355E+04   -0.260549E+04   -0.419426E+02    0.197805E+01    0.107734E+01    0.179523E+04    0.121536E+02    0.481277E+00
   0.102995E+03    0.261145E+04   -0.264345E+04   -0.319997E+02    0.201501E+01    0.773635E+00    0.179111E+04    0.121444E+02    0.482381E+00
   0.103495E+03    0.260208E+04   -0.262916E+04   -0.270822E+02    0.200778E+01    0.956428E+00    0.178233E+04    0.121245E+02    0.484759E+00
   0.103995E+03    0.256222E+04   -0.260609E+04   -0.438645E+02    0.197702E+01    0.114469E+01    0.177834E+04    0.121154E+02    0.485847E+00
   0.104495E+03    0.259468E+04   -0.264052E+04   -0.458393E+02    0.200207E+01    0.967913E+00    0.178237E+04    0.121246E+02    0.484749E+00
   0.104995E+03    0.261281E+04   -0.265697E+04   -0.441601E+02    0.201606E+01    0.914390E+00    0.178607E+04    0.121330E+02    0.483742E+00
   0.105495E+03    0.262856E+04   -0.268305E+04   -0.544869E+02    0.202821E+01    0.990001E+00    0.178566E+04    0.121320E+02    0.483855E+00
   0.105995E+03    0.264762E+04   -0.271693E+04   -0.693131E+02    0.204292E+01    0.868464E+00    0.177291E+04    0.121031E+02    0.487334E+00
   0.106495E+03    0.255625E+04   -0.264030E+04   -0.840515E+02    0.197241E+01    0.110502E+01    0.177571E+04    0.121094E+02    0.486567E+00
   0.106995E+03    0.262157E+04   -0.269546E+04   -0.738898E+02    0.202282E+01    0.889943E+00    0.178144E+04    0.121225E+02    0.485001E+00
   0.107495E+03    0.258679E+04   -0.265323E+04   -0.664444E+02    0.199598E+01    0.985602E+00    0.177821E+04    0.121151E+02    0.485881E+00
   0.107995E+03    0.257590E+04   -0.263503E+04   -0.591320E+02    0.198758E+01    0.973810E+00    0.178725E+04    0.121356E+02    0.483425E+00
   0.108495E+03    0.257082E+04   -0.264164E+04   -0.708148E+02    0.198366E+01    0.105141E+01    0.177518E+04    0.121082E+02    0.486712E+00
   0.108995E+03    0.258265E+04   -0.264270E+04   -0.600502E+02    0.199278E+01    0.975757E+00    0.177854E+04    0.121159E+02    0.485792E+00
   0.109495E+03    0.261269E+04   -0.266686E+04   -0.541633E+02    0.201597E+01    0.963232E+00    0.177482E+04    0.121074E+02    0.486811E+00
   0.109995E+03    0.262458E+04   -0.267482E+04   -0.502360E+02    0.202514E+01    0.910263E+00    0.177757E+04    0.121137E+02    0.486058E+00
   0.110495E+03    0.258575E+04   -0.263730E+04   -0.515536E+02    0.199518E+01    0.963584E+00    0.177790E+04    0.121144E+02    0.485966E+00
   0.110995E+03    0.256002E+04   -0.260967E+04   -0.496502E+02    0.197532E+01    0.111191E+01    0.177849E+04    0.121158E+02    0.485806E+00
   0.111495E+03    0.254528E+04   -0.260112E+04   -0.558370E+02    0.196395E+01    0.111239E+01    0.178124E+04    0.121220E+02    0.485055E+00
   0.111995E+03    0.256115E+04   -0.262132E+04   -0.601624E+02    0.197620E+01    0.106497E+01    0.178305E+04    0.121261E+02    0.484562E+00
   0.112495E+03    0.259938E+04   -0.264883E+04   -0.494572E+02    0.200569E+01    0.949110E+00    0.178739E+04    0.121359E+02    0.483386E+00
   0.112995E+03    0.253765E+04   -0.256912E+04   -0.314711E+02    0.195806E+01    0.120621E+01    0.179191E+04    0.121462E+02    0.482166E+00
   0.113495E+03    0.256853E+04   -0.259766E+04   -0.291299E+02    0.198189E+01    0.101264E+01    0.178939E+04    0.121405E+02    0.482846E+00
   0.113995E+03    0.258530E+04   -0.260829E+04   -0.229930E+02    0.199483E+01    0.109327E+01    0.179234E+04    0.121471E+02    0.482051E+00
   0.114495E+03    0.258942E+04   -0.260798E+04   -0.185648E+02    0.199801E+01    0.102764E+01    0.179746E+04    0.121587E+02    0.480679E+00
   0.114995E+03    0.257932E+04   -0.259935E+04   -0.200272E+02    0.199022E+01    0.950862E+00    0.179157E+04    0.121454E+02    0.482258E+00
   0.115495E+03    0.257672E+04   -0.260162E+04   -0.248942E+02    0.198821E+01    0.112561E+01    0.179550E+04    0.121543E+02    0.481203E+00
   0.115995E+03    0.261039E+04   -0.263812E+04   -0.277286E+02    0.201419E+01    0.905551E+00    0.180188E+04    0.121686E+02    0.479499E+00
   0.116495E+03    0.263218E+04   -0.267138E+04   -0.391987E+02    0.203100E+01    0.931837E+00    0.179427E+04    0.121515E+02    0.481532E+00
   0.116995E+03    0.254281E+04   -0.257267E+04   -0.298610E+02    0.196204E+01    0.109966E+01    0.179045E+04    0.121429E+02    0.482560E+00
   0.117495E+03    0.257571E+04   -0.261330E+04   -0.375855E+02    0.198743E+01    0.100730E+01    0.178729E+04    0.121357E+02    0.483413E+00
   0.117995E+03    0.256662E+04   -0.260915E+04   -0.425312E+02    0.198042E+01    0.106741E+01    0.178365E+04    0.121275E+02    0.484401E+00
   0.118495E+03    0.258176E+04   -0.261069E+04   -0.289244E+02    0.199210E+01    0.965199E+00    0.179409E+04    0.121511E+02    0.481581E+00
   0.118995E+03    0.260627E+04   -0.263752E+04   -0.312551E+02    0.201101E+01    0.885938E+00    0.178882E+04    0.121392E+02    0.482999E+00
   0.119495E+03    0.253384E+04   -0.255434E+04   -0.204982E+02    0.195512E+01    0.114887E+01    0.179370E+04    0.121502E+02    0.481687E+00
   0.119995E+03    0.259360E+04   -0.261025E+04   -0.166508E+02    0.200123E+01    0.103792E+01    0.179409E+04    0.121511E+02    0.481581E+00
   0.120495E+03    0.260704E+04   -0.263715E+04   -0.301084E+02    0.201161E+01    0.936550E+00    0.178948E+04    0.121407E+02    0.482821E+00
   0.120995E+03    0.260729E+04   -0.265079E+04   -0.434990E+02    0.201180E+01    0.100639E+01    0.178758E+04    0.121364E+02    0.483334E+00
   0.121495E+03    0.257134E+04   -0.260184E+04   -0.304951E+02    0.198406E+01    0.957203E+00    0.179378E+04    0.121504E+02    0.481664E+00
   0.121995E+03    0.263610E+04   -0.267042E+04   -0.343254E+02    0.203403E+01    0.822759E+00    0.178719E+04    0.121355E+02    0.483439E+00
   0.122495E+03    0.258734E+04   -0.262938E+04   -0.420444E+02    0.199640E+01    0.105872E+01    0.178875E+04    0.121390E+02    0.483019E+00
   0.122995E+03    0.261481E+04   -0.264694E+04   -0.321279E+02    0.201760E+01    0.920576E+00    0.179197E+04    0.121463E+02    0.482152E+00
   0.123495E+03    0.259171E+04   -0.261942E+04   -0.277035E+02    0.199978E+01    0.102213E+01    0.179637E+04    0.121562E+02    0.480969E+00
   0.123995E+03    0.252592E+04   -0.254848E+04   -0.225622E+02    0.194901E+01    0.109979E+01    0.180173E+04    0.121683E+02    0.479540E+00
   0.124495E+03    0.260204E+04   -0.261120E+04   -0.915685E+01    0.200775E+01    0.916005E+00    0.179657E+04    0.121567E+02    0.480916E+00
   0.124995E+03    0.263037E+04   -0.264604E+04   -0.156724E+02    0.202961E+01    0.930526E+00    0.179642E+04    0.121563E+02    0.480955E+00
   0.125495E+03    0.259032E+04   -0.261114E+04   -0.208187E+02    0.199870E+01    0.998961E+00    0.179831E+04    0.121606E+02    0.480452E+00
   0.125995E+03    0.259599E+04   -0.262977E+04   -0.337803E+02    0.200308E+01    0.110751E+01    0.180183E+04    0.121685E+02    0.479513E+00
   0.126495E+03    0.263135E+04   -0.267149E+04   -0.401439E+02    0.203036E+01    0.921378E+00    0.180321E+04    0.121716E+02    0.479146E+00
   0.126995E+03    0.258011E+04   -0.260259E+04   -0.224890E+02    0.199082E+01    0.960548E+00    0.181550E+04    0.121992E+02    0.475903E+00
   0.127495E+03    0.255805E+04   -0.258420E+04   -0.261470E+02    0.197381E+01    0.105900E+01    0.179606E+04    0.121555E+02    0.481053E+00
   0.127995E+03    0.261622E+04   -0.263656E+04   -0.203365E+02    0.201869E+01    0.929010E+00    0.180029E+04    0.121651E+02    0.479923E+00
   0.128495E+03    0.258717E+04   -0.261104E+04   -0.238752E+02    0.199627E+01    0.961375E+00    0.180242E+04    0.121699E+02    0.479354E+00
   0.128995E+03    0.259791E+04   -0.262214E+04   -0.242302E+02    0.200456E+01    0.955334E+00    0.179585E+04    0.121551E+02    0.481108E+00
   0.129495E+03    0.265419E+04   -0.268503E+04   -0.308359E+02    0.204799E+01    0.781480E+00    0.177859E+04    0.121160E+02    0.485777E+00
   0.129995E+03    0.259454E+04   -0.263457E+04   -0.400286E+02    0.200196E+01    0.992872E+00    0.178015E+04    0.121195E+02    0.485351E+00
   0.130495E+03    0.261435E+04   -0.265596E+04   -0.416190E+02    0.201724E+01    0.944795E+00    0.178431E+04    0.121290E+02    0.484220E+00
   0.130995E+03    0.265133E+04   -0.269275E+04   -0.414176E+02    0.204578E+01    0.880143E+00    0.179042E+04    0.121428E+02    0.482569E+00
   0.131495E+03    0.265703E+04   -0.269386E+04   -0.368231E+02    0.205018E+01    0.847742E+00    0.178923E+04    0.121401E+02    0.482889E+00
   0.131995E+03    0.255520E+04   -0.258779E+04   -0.325857E+02    0.197161E+01    0.109435E+01    0.180221E+04    0.121694E+02    0.479411E+00
   0.132495E+03    0.257012E+04   -0.259935E+04   -0.292297E+02    0.198311E+01    0.107947E+01    0.180258E+04    0.121702E+02    0.479312E+00
   0.132995E+03    0.257329E+04   -0.260379E+04   -0.304958E+02    0.198557E+01    0.109016E+01    0.180703E+04    0.121802E+02    0.478134E+00
   0.133495E+03    0.259275E+04   -0.262306E+04   -0.303079E+02    0.200058E+01    0.964652E+00    0.180339E+04    0.121720E+02    0.479097E+00
   0.133995E+03    0.261651E+04   -0.264723E+04   -0.307208E+02    0.201891E+01    0.931008E+00    0.179821E+04    0.121604E+02    0.480478E+00
   0.134495E+03    0.257986E+04   -0.261640E+04   -0.365437E+02    0.199063E+01    0.103513E+01    0.179694E+04    0.121575E+02    0.480817E+00
   0.134995E+03    0.257145E+04   -0.261185E+04   -0.404044E+02    0.198414E+01    0.104895E+01    0.179518E+04    0.121535E+02    0.481288E+00
   0.135495E+03    0.263735E+04   -0.268422E+04   -0.468706E+02    0.203499E+01    0.827453E+00    0.178271E+04    0.121253E+02    0.484656E+00
   0.135995E+03    0.256397E+04   -0.263373E+04   -0.697580E+02    0.197837E+01    0.108078E+01    0.177238E+04    0.121019E+02    0.487481E+00
   0.136495E+03    0.259186E+04   -0.264356E+04   -0.517061E+02    0.199989E+01    0.952641E+00    0.177767E+04    0.121139E+02    0.486031E+00
   0.136995E+03    0.259808E+04   -0.264407E+04   -0.459839E+02    0.200469E+01    0.102961E+01    0.176987E+04    0.120961E+02    0.488172E+00
   0.137495E+03    0.257157E+04   -0.262281E+04   -0.512441E+02    0.198423E+01    0.113801E+01    0.177377E+04    0.121050E+02    0.487099E+00
   0.137995E+03    0.255236E+04   -0.260658E+04   -0.542191E+02    0.196942E+01    0.110545E+01    0.178238E+04    0.121246E+02    0.484744E+00
   0.138495E+03    0.258080E+04   -0.262341E+04   -0.426100E+02    0.199136E+01    0.105081E+01    0.178886E+04    0.121393E+02    0.482988E+00
   0.138995E+03    0.259148E+04   -0.261815E+04   -0.266706E+02    0.199960E+01    0.968548E+00    0.179173E+04    0.121458E+02    0.482215E+00
   0.139495E+03    0.256364E+04   -0.258810E+04   -0.244621E+02    0.197812E+01    0.106869E+01    0.178042E+04    0.121201E+02    0.485280E+00
   0.139995E+03    0.261239E+04   -0.266275E+04   -0.503580E+02    0.201574E+01    0.993002E+00    0.177788E+04    0.121144E+02    0.485971E+00
   0.140495E+03    0.262461E+04   -0.268133E+04   -0.567175E+02    0.202516E+01    0.883610E+00    0.177680E+04    0.121119E+02    0.486268E+00
   0.140995E+03    0.260492E+04   -0.266163E+04   -0.567134E+02    0.200997E+01    0.929543E+00    0.178084E+04    0.121211E+02    0.485164E+00
   0.141495E+03    0.259237E+04   -0.264063E+04   -0.482616E+02    0.200029E+01    0.916064E+00    0.178159E+04    0.121228E+02    0.484959E+00
   0.141995E+03    0.262518E+04   -0.269282E+04   -0.676436E+02    0.202560E+01    0.993123E+00    0.177339E+04    0.121042E+02    0.487202E+00
   0.142495E+03    0.259393E+04   -0.268066E+04   -0.867357E+02    0.200149E+01    0.910442E+00    0.175912E+04    0.120716E+02    0.491156E+00
   0.142995E+03    0.260717E+04   -0.267680E+04   -0.696259E+02    0.201171E+01    0.960808E+00    0.176900E+04    0.120942E+02    0.488410E+00
   0.143495E+03    0.264197E+04   -0.270752E+04   -0.655490E+02    0.203855E+01    0.907807E+00    0.177082E+04    0.120983E+02    0.487909E+00
   0.143995E+03    0.258327E+04   -0.265637E+04   -0.731053E+02    0.199326E+01    0.104058E+01    0.177180E+04    0.121005E+02    0.487640E+00
   0.144495E+03    0.260585E+04   -0.267194E+04   -0.660899E+02    0.201069E+01    0.971443E+00    0.178343E+04    0.121270E+02    0.484461E+00
   0.144995E+03    0.255713E+04   -0.259151E+04   -0.343793E+02    0.197309E+01    0.103814E+01    0.178663E+04    0.121342E+02    0.483591E+00
   0.145495E+03    0.262201E+04   -0.266373E+04   -0.417253E+02    0.202315E+01    0.104571E+01    0.178458E+04    0.121296E+02    0.484147E+00
   0.145995E+03    0.257918E+04   -0.261174E+04   -0.325600E+02    0.199011E+01    0.971360E+00    0.179804E+04    0.121600E+02    0.480524E+00
   0.146495E+03    0.262176E+04   -0.265595E+04   -0.341879E+02    0.202297E+01    0.861061E+00    0.179411E+04    0.121511E+02    0.481576E+00
   0.146995E+03    0.259085E+04   -0.262491E+04   -0.340612E+02    0.199911E+01    0.941897E+00    0.179760E+04    0.121590E+02    0.480640E+00
   0.147495E+03    0.262715E+04   -0.266428E+04   -0.371278E+02    0.202712E+01    0.892749E+00    0.179798E+04    0.121598E+02    0.480540E+00
   0.147995E+03    0.256107E+04   -0.258915E+04   -0.280813E+02    0.197614E+01    0.958713E+00    0.179941E+04    0.121631E+02    0.480157E+00
   0.148495E+03    0.260438E+04   -0.264468E+04   -0.402950E+02    0.200955E+01    0.987381E+00    0.178096E+04    0.121214E+02    0.485133E+00
   0.148995E+03    0.258109E+04   -0.262408E+04   -0.429909E+02    0.199158E+01    0.100206E+01    0.177822E+04    0.121151E+02    0.485880E+00
   0.149495E+03    0.259094E+04   -0.264246E+04   -0.515262E+02    0.199918E+01    0.100849E+01    0.178046E+04    0.121202E+02    0.485267E+00
   0.149995E+03    0.254628E+04   -0.260554E+04   -0.592668E+02    0.196472E+01    0.112331E+01    0.177526E+04    0.121084E+02    0.486688E+00
   0.150495E+03    0.257825E+04   -0.262150E+04   -0.432538E+02    0.198939E+01    0.103421E+01    0.179054E+04    0.121431E+02    0.482535E+00
   0.150995E+03    0.259188E+04   -0.264190E+04   -0.500187E+02    0.199991E+01    0.989874E+00    0.178694E+04    0.121349E+02    0.483508E+00
   0.151495E+03    0.261889E+04   -0.267015E+04   -0.512569E+02    0.202075E+01    0.844221E+00    0.178132E+04    0.121222E+02    0.485033E+00
   0.151995E+03    0.258843E+04   -0.263132E+04   -0.428970E+02    0.199724E+01    0.933909E+00    0.178526E+04    0.121311E+02    0.483964E+00
   0.152495E+03    0.260906E+04   -0.265263E+04   -0.435657E+02    0.201317E+01    0.962072E+00    0.178115E+04    0.121218E+02    0.485080E+00
   0.152995E+03    0.261122E+04   -0.265377E+04   -0.425489E+02    0.201483E+01    0.970973E+00    0.178215E+04    0.121241E+02    0.484807E+00
   0.153495E+03    0.263534E+04   -0.267165E+04   -0.363054E+02    0.203345E+01    0.885103E+00    0.177972E+04    0.121186E+02    0.485468E+00
   0.153995E+03    0.260884E+04   -0.265700E+04   -0.481635E+02    0.201299E+01    0.940398E+00    0.178075E+04    0.121209E+02    0.485188E+00
   0.154495E+03    0.262363E+04   -0.268523E+04   -0.616042E+02    0.202441E+01    0.958793E+00    0.177900E+04    0.121169E+02    0.485666E+00
   0.154995E+03    0.256393E+04   -0.262300E+04   -0.590636E+02    0.197834E+01    0.102881E+01    0.178554E+04    0.121317E+02    0.483887E+00
   0.155495E+03    0.262137E+04   -0.267455E+04   -0.531816E+02    0.202266E+01    0.871570E+00    0.178336E+04    0.121268E+02    0.484478E+00
   0.155995E+03    0.256937E+04   -0.262470E+04   -0.553372E+02    0.198254E+01    0.110010E+01    0.177935E+04    0.121177E+02    0.485572E+00
   0.156495E+03    0.258429E+04   -0.263735E+04   -0.530662E+02    0.199405E+01    0.106005E+01    0.177679E+04    0.121119E+02    0.486271E+00
   0.156995E+03    0.265226E+04   -0.271050E+04   -0.582415E+02    0.204650E+01    0.774347E+00    0.177742E+04    0.121133E+02    0.486097E+00
   0.157495E+03    0.260075E+04   -0.265874E+04   -0.579889E+02    0.200675E+01    0.987119E+00    0.177952E+04    0.121181E+02    0.485524E+00
   0.157995E+03    0.258114E+04   -0.263781E+04   -0.566700E+02    0.199162E+01    0.103526E+01    0.177022E+04    0.120969E+02    0.488076E+00
   0.158495E+03    0.259875E+04   -0.266327E+04   -0.645197E+02    0.200521E+01    0.998264E+00    0.177425E+04    0.121061E+02    0.486966E+00
   0.158995E+03    0.256644E+04   -0.262681E+04   -0.603660E+02    0.198028E+01    0.969406E+00    0.177024E+04    0.120970E+02    0.488069E+00
   0.159495E+03    0.258367E+04   -0.264997E+04   -0.662991E+02    0.199357E+01    0.113077E+01    0.177428E+04    0.121062E+02    0.486959E+00
   0.159995E+03    0.254524E+04   -0.261336E+04   -0.681225E+02    0.196392E+01    0.108761E+01    0.177726E+04    0.121130E+02    0.486142E+00
   0.160495E+03    0.256614E+04   -0.263229E+04   -0.661551E+02    0.198004E+01    0.110484E+01    0.177875E+04    0.121163E+02    0.485734E+00
   0.160995E+03    0.259190E+04   -0.266150E+04   -0.696001E+02    0.199992E+01    0.985092E+00    0.177487E+04    0.121075E+02    0.486796E+00
   0.161495E+03    0.260652E+04   -0.267987E+04   -0.733565E+02    0.201120E+01    0.923861E+00    0.177078E+04    0.120982E+02    0.487922E+00
   0.161995E+03    0.261169E+04   -0.269354E+04   -0.818553E+02    0.201519E+01    0.953294E+00    0.177087E+04    0.120984E+02    0.487895E+00
   0.162495E+03    0.255681E+04   -0.261977E+04   -0.629585E+02    0.197285E+01    0.103095E+01    0.178224E+04    0.121243E+02    0.484783E+00
   0.162995E+03    0.259173E+04   -0.263198E+04   -0.402484E+02    0.199980E+01    0.978017E+00    0.178584E+04    0.121324E+02    0.483805E+00
   0.163495E+03    0.260928E+04   -0.266038E+04   -0.511012E+02    0.201333E+01    0.924501E+00    0.177559E+04    0.121092E+02    0.486599E+00
   0.163995E+03    0.258232E+04   -0.264387E+04   -0.615495E+02    0.199253E+01    0.105443E+01    0.177409E+04    0.121058E+02    0.487011E+00
   0.164495E+03    0.263212E+04   -0.270666E+04   -0.745387E+02    0.203095E+01    0.950029E+00    0.177181E+04    0.121006E+02    0.487638E+00
   0.164995E+03    0.261926E+04   -0.268365E+04   -0.643830E+02    0.202104E+01    0.867622E+00    0.177279E+04    0.121028E+02    0.487369E+00
   0.165495E+03    0.257938E+04   -0.263645E+04   -0.570690E+02    0.199026E+01    0.102062E+01    0.177536E+04    0.121086E+02    0.486663E+00
   0.165995E+03    0.260259E+04   -0.265453E+04   -0.519411E+02    0.200817E+01    0.981581E+00    0.177988E+04    0.121189E+02    0.485427E+00
   0.166495E+03    0.259586E+04   -0.263838E+04   -0.425138E+02    0.200298E+01    0.983551E+00    0.178263E+04    0.121252E+02    0.484677E+00
   0.166995E+03    0.261712E+04   -0.266671E+04   -0.495866E+02    0.201938E+01    0.100244E+01    0.178877E+04    0.121391E+02    0.483012E+00
   0.167495E+03    0.256839E+04   -0.260086E+04   -0.324689E+02    0.198178E+01    0.101371E+01    0.179598E+04    0.121553E+02    0.481075E+00
   0.167995E+03    0.260895E+04   -0.265264E+04   -0.436881E+02    0.201308E+01    0.103137E+01    0.178710E+04    0.121353E+02    0.483465E+00
   0.168495E+03    0.262470E+04   -0.267690E+04   -0.522038E+02    0.202523E+01    0.925190E+00    0.178608E+04    0.121330E+02    0.483740E+00
   0.168995E+03    0.260766E+04   -0.266841E+04   -0.607455E+02    0.201209E+01    0.943372E+00    0.178505E+04    0.121306E+02    0.484021E+00
   0.169495E+03    0.256280E+04   -0.261808E+04   -0.552741E+02    0.197747E+01    0.103005E+01    0.178328E+04    0.121266E+02    0.484501E+00
   0.169995E+03    0.253620E+04   -0.258223E+04   -0.460243E+02    0.195695E+01    0.112349E+01    0.178341E+04    0.121269E+02    0.484466E+00
   0.170495E+03    0.258471E+04   -0.261542E+04   -0.307130E+02    0.199437E+01    0.978983E+00    0.179461E+04    0.121522E+02    0.481443E+00
   0.170995E+03    0.259796E+04   -0.262857E+04   -0.306182E+02    0.200460E+01    0.104680E+01    0.178907E+04    0.121397E+02    0.482932E+00
   0.171495E+03    0.259358E+04   -0.263227E+04   -0.386897E+02    0.200122E+01    0.110112E+01    0.178760E+04    0.121364E+02    0.483330E+00
   0.171995E+03    0.255728E+04   -0.259873E+04   -0.414480E+02    0.197321E+01    0.101577E+01    0.179568E+04    0.121547E+02    0.481155E+00
   0.172495E+03    0.260220E+04   -0.265557E+04   -0.533639E+02    0.200787E+01    0.880391E+00    0.178374E+04    0.121277E+02    0.484376E+00
   0.172995E+03    0.260838E+04   -0.265809E+04   -0.497141E+02    0.201264E+01    0.994753E+00    0.177604E+04    0.121102E+02    0.486474E+00
   0.173495E+03    0.260053E+04   -0.267776E+04   -0.772283E+02    0.200658E+01    0.907158E+00    0.176331E+04    0.120812E+02    0.489989E+00
   0.173995E+03    0.260824E+04   -0.268697E+04   -0.787301E+02    0.201253E+01    0.100718E+01    0.177087E+04    0.120984E+02    0.487896E+00
   0.174495E+03    0.261920E+04   -0.269377E+04   -0.745621E+02    0.202099E+01    0.905276E+00    0.177182E+04    0.121006E+02    0.487633E+00
   0.174995E+03    0.259768E+04   -0.266953E+04   -0.718529E+02    0.200438E+01    0.104243E+01    0.177511E+04    0.121081E+02    0.486730E+00
   0.175495E+03    0.255958E+04   -0.263921E+04   -0.796340E+02    0.197498E+01    0.103795E+01    0.177246E+04    0.121020E+02    0.487459E+00
   0.175995E+03    0.259374E+04   -0.265256E+04   -0.588236E+02    0.200134E+01    0.882131E+00    0.177854E+04    0.121159E+02    0.485791E+00
   0.176495E+03    0.258965E+04   -0.265046E+04   -0.608133E+02    0.199819E+01    0.106675E+01    0.176663E+04    0.120888E+02    0.489066E+00
   0.176995E+03    0.264501E+04   -0.269454E+04   -0.495368E+02    0.204090E+01    0.858530E+00    0.178015E+04    0.121195E+02    0.485353E+00
   0.177495E+03    0.261205E+04   -0.265568E+04   -0.436370E+02    0.201547E+01    0.943122E+00    0.178157E+04    0.121228E+02    0.484965E+00
   0.177995E+03    0.263310E+04   -0.269182E+04   -0.587291E+02    0.203171E+01    0.877547E+00    0.177733E+04    0.121131E+02    0.486122E+00
   0.178495E+03    0.259779E+04   -0.266129E+04   -0.635001E+02    0.200446E+01    0.958894E+00    0.177400E+04    0.121056E+02    0.487035E+00
   0.178995E+03    0.263948E+04   -0.271372E+04   -0.742379E+02    0.203664E+01    0.911241E+00    0.176201E+04    0.120782E+02    0.490350E+00
   0.179495E+03    0.259346E+04   -0.265934E+04   -0.658869E+02    0.200112E+01    0.102609E+01    0.177173E+04    0.121004E+02    0.487659E+00
   0.179995E+03    0.262107E+04   -0.268094E+04   -0.598709E+02    0.202243E+01    0.844141E+00    0.176534E+04    0.120858E+02    0.489424E+00
   0.180495E+03    0.261088E+04   -0.267352E+04   -0.626418E+02    0.201457E+01    0.933098E+00    0.177605E+04    0.121102E+02    0.486472E+00
   0.180995E+03    0.258215E+04   -0.263645E+04   -0.542980E+02    0.199240E+01    0.100125E+01    0.177390E+04    0.121053E+02    0.487063E+00
   0.181495E+03    0.258145E+04   -0.264399E+04   -0.625403E+02    0.199186E+01    0.109456E+01    0.177644E+04    0.121111E+02    0.486367E+00
   0.181995E+03    0.256797E+04   -0.262975E+04   -0.617800E+02    0.198146E+01    0.112744E+01    0.178226E+04    0.121243E+02    0.484778E+00
   0.182495E+03    0.258512E+04   -0.265292E+04   -0.678086E+02    0.199469E+01    0.100463E+01    0.178479E+04    0.121300E+02    0.484091E+00
   0.182995E+03    0.254731E+04   -0.261196E+04   -0.646494E+02    0.196552E+01    0.114143E+01    0.178433E+04    0.121290E+02    0.484215E+00
   0.183495E+03    0.257263E+04   -0.261971E+04   -0.470791E+02    0.198506E+01    0.108333E+01    0.179675E+04    0.121571E+02    0.480868E+00
   0.183995E+03    0.258829E+04   -0.262919E+04   -0.409069E+02    0.199713E+01    0.999274E+00    0.180560E+04    0.121770E+02    0.478512E+00
   0.184495E+03    0.259871E+04   -0.263116E+04   -0.324451E+02    0.200518E+01    0.913082E+00    0.180025E+04    0.121650E+02    0.479934E+00
   0.184995E+03    0.261846E+04   -0.267254E+04   -0.540812E+02    0.202041E+01    0.898448E+00    0.178766E+04    0.121365E+02    0.483313E+00
   0.185495E+03    0.259798E+04   -0.264782E+04   -0.498428E+02    0.200462E+01    0.946193E+00    0.178885E+04    0.121392E+02    0.482991E+00
   0.185995E+03    0.262731E+04   -0.269438E+04   -0.670707E+02    0.202725E+01    0.926887E+00    0.178492E+04    0.121303E+02    0.484055E+00
   0.186495E+03    0.254462E+04   -0.261290E+04   -0.682758E+02    0.196344E+01    0.106331E+01    0.178119E+04    0.121219E+02    0.485069E+00
   0.186995E+03    0.259536E+04   -0.263969E+04   -0.443293E+02    0.200259E+01    0.974850E+00    0.178500E+04    0.121305E+02    0.484033E+00
   0.187495E+03    0.258713E+04   -0.264663E+04   -0.594994E+02    0.199624E+01    0.108812E+01    0.178477E+04    0.121300E+02    0.484095E+00
   0.187995E+03    0.259281E+04   -0.264530E+04   -0.524960E+02    0.200062E+01    0.909124E+00    0.178293E+04    0.121258E+02    0.484596E+00
   0.188495E+03    0.262595E+04   -0.267238E+04   -0.464238E+02    0.202620E+01    0.974757E+00    0.178730E+04    0.121357E+02    0.483411E+00
   0.188995E+03    0.258209E+04   -0.263797E+04   -0.558794E+02    0.199235E+01    0.955695E+00    0.178245E+04    0.121247E+02    0.484725E+00
   0.189495E+03    0.255074E+04   -0.259742E+04   -0.466802E+02    0.196816E+01    0.113434E+01    0.178144E+04    0.121224E+02    0.485002E+00
   0.189995E+03    0.261949E+04   -0.267667E+04   -0.571775E+02    0.202121E+01    0.958324E+00    0.177182E+04    0.121006E+02    0.487633E+00
   0.190495E+03    0.261231E+04   -0.268194E+04   -0.696316E+02    0.201567E+01    0.993249E+00    0.177113E+04    0.120990E+02    0.487824E+00
   0.190995E+03    0.251369E+04   -0.258975E+04   -0.760676E+02    0.193957E+01    0.121089E+01    0.177158E+04    0.121000E+02    0.487700E+00
   0.191495E+03    0.262403E+04   -0.270374E+04   -0.797066E+02    0.202472E+01    0.902064E+00    0.177350E+04    0.121044E+02    0.487173E+00
   0.191995E+03    0.260468E+04   -0.268766E+04   -0.829781E+02    0.200978E+01    0.867036E+00    0.176610E+04    0.120876E+02    0.489212E+00
   0.192495E+03    0.259513E+04   -0.267119E+04   -0.760573E+02    0.200242E+01    0.103016E+01    0.176892E+04    0.120940E+02    0.488434E+00
   0.192995E+03    0.261250E+04   -0.269142E+04   -0.789204E+02    0.201582E+01    0.940227E+00    0.176820E+04    0.120923E+02    0.488634E+00
   0.193495E+03    0.259159E+04   -0.266565E+04   -0.740603E+02    0.199968E+01    0.104677E+01    0.177492E+04    0.121076E+02    0.486783E+00
   0.193995E+03    0.261988E+04   -0.269631E+04   -0.764397E+02    0.202151E+01    0.952818E+00    0.177652E+04    0.121113E+02    0.486344E+00
   0.194495E+03    0.258965E+04   -0.265599E+04   -0.663380E+02    0.199819E+01    0.972791E+00    0.177544E+04    0.121088E+02    0.486640E+00
   0.194995E+03    0.261158E+04   -0.266911E+04   -0.575280E+02    0.201511E+01    0.876559E+00    0.177357E+04    0.121046E+02    0.487153E+00
   0.195495E+03    0.259177E+04   -0.265497E+04   -0.632014E+02    0.199982E+01    0.107835E+01    0.177253E+04    0.121022E+02    0.487438E+00
   0.195995E+03    0.259572E+04   -0.266816E+04   -0.724346E+02    0.200287E+01    0.104209E+01    0.178089E+04    0.121212E+02    0.485150E+00
   0.196495E+03    0.257393E+04   -0.264651E+04   -0.725749E+02    0.198606E+01    0.112377E+01    0.178528E+04    0.121312E+02    0.483957E+00
   0.196995E+03    0.259250E+04   -0.263499E+04   -0.424894E+02    0.200039E+01    0.861640E+00    0.179204E+04    0.121465E+02    0.482131E+00
   0.197495E+03    0.264032E+04   -0.271368E+04   -0.733536E+02    0.203729E+01    0.839205E+00    0.176361E+04    0.120819E+02    0.489905E+00
   0.197995E+03    0.259305E+04   -0.267118E+04   -0.781282E+02    0.200081E+01    0.103268E+01    0.176986E+04    0.120961E+02    0.488176E+00
   0.198495E+03    0.259251E+04   -0.266838E+04   -0.758707E+02    0.200039E+01    0.935853E+00    0.177913E+04    0.121172E+02    0.485631E+00
   0.198995E+03    0.254756E+04   -0.261161E+04   -0.640552E+02    0.196571E+01    0.111245E+01    0.177546E+04    0.121089E+02    0.486635E+00
   0.199495E+03    0.262867E+04   -0.268353E+04   -0.548656E+02    0.202829E+01    0.883422E+00    0.177521E+04    0.121083E+02    0.486703E+00
   0.199995E+03    0.256181E+04   -0.262500E+04   -0.631897E+02    0.197670E+01    0.108611E+01    0.177223E+04    0.121015E+02    0.487522E+00
   0.200495E+03    0.256965E+04   -0.263327E+04   -0.636152E+02    0.198276E+01    0.102281E+01    0.176996E+04    0.120964E+02    0.488146E+00
   0.200995E+03    0.258183E+04   -0.264505E+04   -0.632189E+02    0.199216E+01    0.104001E+01    0.177278E+04    0.121028E+02    0.487370E+00
   0.201495E+03    0.259352E+04   -0.266256E+04   -0.690442E+02    0.200117E+01    0.102914E+01    0.178094E+04    0.121213E+02    0.485136E+00
   0.201995E+03    0.256845E+04   -0.263314E+04   -0.646940E+02    0.198183E+01    0.102343E+01    0.176988E+04    0.120962E+02    0.488170E+00
   0.202495E+03    0.260491E+04   -0.267288E+04   -0.679670E+02    0.200996E+01    0.106483E+01    0.177687E+04    0.121121E+02    0.486249E+00
   0.202995E+03    0.258133E+04   -0.264417E+04   -0.628415E+02    0.199177E+01    0.980080E+00    0.178412E+04    0.121285E+02    0.484273E+00
   0.203495E+03    0.257807E+04   -0.262241E+04   -0.443484E+02    0.198925E+01    0.106687E+01    0.178854E+04    0.121385E+02    0.483074E+00
   0.203995E+03    0.259731E+04   -0.263456E+04   -0.372429E+02    0.200410E+01    0.101285E+01    0.179674E+04    0.121571E+02    0.480870E+00
   0.204495E+03    0.259145E+04   -0.261145E+04   -0.199966E+02    0.199958E+01    0.858024E+00    0.179373E+04    0.121503E+02    0.481679E+00
   0.204995E+03    0.260085E+04   -0.263187E+04   -0.310218E+02    0.200683E+01    0.104090E+01    0.178107E+04    0.121216E+02    0.485101E+00
   0.205495E+03    0.263151E+04   -0.267929E+04   -0.477780E+02    0.203049E+01    0.914507E+00    0.178244E+04    0.121247E+02    0.484729E+00
   0.205995E+03    0.259986E+04   -0.265143E+04   -0.515738E+02    0.200606E+01    0.100999E+01    0.178728E+04    0.121357E+02    0.483417E+00
   0.206495E+03    0.250498E+04   -0.254393E+04   -0.389571E+02    0.193285E+01    0.117817E+01    0.178811E+04    0.121376E+02    0.483192E+00
   0.206995E+03    0.260089E+04   -0.262675E+04   -0.258616E+02    0.200686E+01    0.102469E+01    0.178984E+04    0.121415E+02    0.482725E+00
   0.207495E+03    0.261798E+04   -0.264540E+04   -0.274227E+02    0.202005E+01    0.982972E+00    0.180270E+04    0.121705E+02    0.479281E+00
   0.207995E+03    0.261681E+04   -0.264374E+04   -0.269323E+02    0.201914E+01    0.910559E+00    0.179741E+04    0.121586E+02    0.480691E+00
   0.208495E+03    0.256435E+04   -0.260432E+04   -0.399715E+02    0.197867E+01    0.113225E+01    0.179227E+04    0.121470E+02    0.482070E+00
   0.208995E+03    0.256289E+04   -0.260066E+04   -0.377713E+02    0.197754E+01    0.108633E+01    0.179805E+04    0.121600E+02    0.480522E+00
   0.209495E+03    0.258765E+04   -0.262807E+04   -0.404225E+02    0.199664E+01    0.111914E+01    0.179549E+04    0.121542E+02    0.481205E+00
   0.209995E+03    0.257355E+04   -0.260953E+04   -0.359768E+02    0.198576E+01    0.104933E+01    0.180266E+04    0.121704E+02    0.479291E+00
   0.210495E+03    0.256015E+04   -0.258151E+04   -0.213621E+02    0.197542E+01    0.983346E+00    0.179802E+04    0.121599E+02    0.480530E+00
   0.210995E+03    0.256554E+04   -0.258468E+04   -0.191452E+02    0.197958E+01    0.104724E+01    0.179276E+04    0.121481E+02    0.481939E+00
   0.211495E+03    0.255829E+04   -0.257323E+04   -0.149471E+02    0.197399E+01    0.114994E+01    0.179425E+04    0.121514E+02    0.481537E+00
   0.211995E+03    0.259583E+04   -0.261912E+04   -0.232851E+02    0.200296E+01    0.102075E+01    0.179553E+04    0.121543E+02    0.481194E+00
   0.212495E+03    0.258938E+04   -0.261332E+04   -0.239424E+02    0.199798E+01    0.103794E+01    0.179885E+04    0.121618E+02    0.480306E+00
   0.212995E+03    0.259172E+04   -0.261637E+04   -0.246547E+02    0.199978E+01    0.996049E+00    0.180555E+04    0.121769E+02    0.478524E+00
   0.213495E+03    0.262273E+04   -0.265713E+04   -0.344021E+02    0.202371E+01    0.844185E+00    0.180432E+04    0.121741E+02    0.478852E+00
   0.213995E+03    0.257025E+04   -0.261881E+04   -0.485516E+02    0.198322E+01    0.110998E+01    0.179447E+04    0.121519E+02    0.481479E+00
   0.214495E+03    0.260584E+04   -0.265337E+04   -0.475315E+02    0.201068E+01    0.997163E+00    0.179388E+04    0.121506E+02    0.481638E+00
   0.214995E+03    0.257238E+04   -0.261613E+04   -0.437493E+02    0.198486E+01    0.935595E+00    0.179208E+04    0.121465E+02    0.482121E+00
   0.215495E+03    0.260826E+04   -0.264989E+04   -0.416363E+02    0.201254E+01    0.914539E+00    0.178023E+04    0.121197E+02    0.485331E+00
   0.215995E+03    0.262829E+04   -0.267155E+04   -0.432591E+02    0.202800E+01    0.955034E+00    0.178838E+04    0.121382E+02    0.483120E+00
   0.216495E+03    0.260789E+04   -0.266236E+04   -0.544709E+02    0.201226E+01    0.994420E+00    0.178776E+04    0.121368E+02    0.483286E+00
   0.216995E+03    0.258294E+04   -0.264362E+04   -0.606822E+02    0.199301E+01    0.975855E+00    0.178015E+04    0.121195E+02    0.485353E+00
   0.217495E+03    0.259031E+04   -0.264141E+04   -0.510984E+02    0.199870E+01    0.105677E+01    0.178039E+04    0.121201E+02    0.485288E+00
   0.217995E+03    0.261156E+04   -0.265771E+04   -0.461482E+02    0.201509E+01    0.916234E+00    0.178476E+04    0.121300E+02    0.484098E+00
   0.218495E+03    0.255284E+04   -0.259898E+04   -0.461354E+02    0.196979E+01    0.111950E+01    0.179003E+04    0.121419E+02    0.482675E+00
   0.218995E+03    0.257941E+04   -0.262117E+04   -0.417569E+02    0.199028E+01    0.104757E+01    0.177913E+04    0.121172E+02    0.485630E+00
   0.219495E+03    0.258624E+04   -0.263192E+04   -0.456803E+02    0.199556E+01    0.103167E+01    0.178253E+04    0.121249E+02    0.484704E+00
   0.219995E+03    0.256404E+04   -0.260075E+04   -0.367064E+02    0.197843E+01    0.104492E+01    0.178893E+04    0.121394E+02    0.482970E+00
   0.220495E+03    0.256082E+04   -0.259280E+04   -0.319816E+02    0.197594E+01    0.106388E+01    0.178911E+04    0.121398E+02    0.482923E+00
   0.220995E+03    0.264514E+04   -0.267624E+04   -0.311001E+02    0.204100E+01    0.801690E+00    0.178565E+04    0.121320E+02    0.483857E+00
   0.221495E+03    0.261624E+04   -0.266492E+04   -0.486865E+02    0.201870E+01    0.101413E+01    0.178373E+04    0.121276E+02    0.484379E+00
   0.221995E+03    0.260104E+04   -0.266802E+04   -0.669842E+02    0.200697E+01    0.966375E+00    0.178520E+04    0.121310E+02    0.483979E+00
   0.222495E+03    0.261204E+04   -0.266818E+04   -0.561452E+02    0.201546E+01    0.912953E+00    0.178859E+04    0.121386E+02    0.483063E+00
   0.222995E+03    0.257920E+04   -0.262333E+04   -0.441286E+02    0.199012E+01    0.953375E+00    0.178669E+04    0.121344E+02    0.483575E+00
   0.223495E+03    0.258430E+04   -0.261882E+04   -0.345136E+02    0.199406E+01    0.936697E+00    0.178753E+04    0.121362E+02    0.483350E+00
   0.223995E+03    0.254681E+04   -0.257884E+04   -0.320286E+02    0.196513E+01    0.110012E+01    0.179032E+04    0.121426E+02    0.482595E+00
   0.224495E+03    0.262059E+04   -0.265295E+04   -0.323613E+02    0.202206E+01    0.949142E+00    0.178781E+04    0.121369E+02    0.483272E+00
   0.224995E+03    0.258553E+04   -0.263516E+04   -0.496294E+02    0.199501E+01    0.102902E+01    0.177699E+04    0.121124E+02    0.486214E+00
   0.225495E+03    0.264830E+04   -0.271456E+04   -0.662528E+02    0.204344E+01    0.914757E+00    0.177358E+04    0.121046E+02    0.487152E+00
   0.225995E+03    0.259183E+04   -0.265967E+04   -0.678397E+02    0.199987E+01    0.102334E+01    0.177977E+04    0.121187E+02    0.485455E+00
   0.226495E+03    0.259178E+04   -0.266030E+04   -0.685207E+02    0.199983E+01    0.929020E+00    0.178035E+04    0.121200E+02    0.485298E+00
   0.226995E+03    0.261007E+04   -0.265942E+04   -0.493487E+02    0.201395E+01    0.916552E+00    0.178886E+04    0.121393E+02    0.482989E+00
   0.227495E+03    0.257420E+04   -0.262238E+04   -0.481799E+02    0.198626E+01    0.101807E+01    0.178339E+04    0.121269E+02    0.484470E+00
   0.227995E+03    0.259613E+04   -0.263911E+04   -0.429787E+02    0.200318E+01    0.101593E+01    0.178386E+04    0.121279E+02    0.484343E+00
   0.228495E+03    0.257522E+04   -0.261701E+04   -0.417905E+02    0.198705E+01    0.103055E+01    0.178682E+04    0.121346E+02    0.483542E+00
   0.228995E+03    0.257427E+04   -0.260237E+04   -0.280967E+02    0.198632E+01    0.941695E+00    0.179656E+04    0.121566E+02    0.480920E+00
   0.229495E+03    0.261384E+04   -0.264066E+04   -0.268196E+02    0.201685E+01    0.934191E+00    0.179140E+04    0.121450E+02    0.482305E+00
   0.229995E+03    0.264968E+04   -0.269330E+04   -0.436237E+02    0.204450E+01    0.803245E+00    0.178634E+04    0.121336E+02    0.483670E+00
   0.230495E+03    0.260325E+04   -0.265279E+04   -0.495353E+02    0.200868E+01    0.911124E+00    0.179020E+04    0.121423E+02    0.482628E+00
   0.230995E+03    0.262872E+04   -0.267489E+04   -0.461675E+02    0.202833E+01    0.880577E+00    0.178547E+04    0.121316E+02    0.483907E+00
   0.231495E+03    0.257771E+04   -0.261985E+04   -0.421404E+02    0.198897E+01    0.102186E+01    0.178575E+04    0.121322E+02    0.483830E+00
   0.231995E+03    0.260597E+04   -0.263413E+04   -0.281610E+02    0.201078E+01    0.100163E+01    0.179400E+04    0.121509E+02    0.481605E+00
   0.232495E+03    0.260970E+04   -0.263335E+04   -0.236492E+02    0.201366E+01    0.104896E+01    0.179997E+04    0.121643E+02    0.480009E+00
   0.232995E+03    0.259657E+04   -0.262622E+04   -0.296455E+02    0.200353E+01    0.905099E+00    0.179893E+04    0.121620E+02    0.480287E+00
   0.233495E+03    0.257168E+04   -0.259679E+04   -0.251040E+02    0.198432E+01    0.105691E+01    0.180234E+04    0.121697E+02    0.479376E+00
   0.233995E+03    0.265195E+04   -0.268561E+04   -0.336570E+02    0.204626E+01    0.851027E+00    0.179468E+04    0.121524E+02    0.481423E+00
   0.234495E+03    0.261595E+04   -0.266964E+04   -0.536896E+02    0.201848E+01    0.899172E+00    0.178919E+04    0.121400E+02    0.482899E+00
   0.234995E+03    0.257642E+04   -0.264369E+04   -0.672743E+02    0.198797E+01    0.105978E+01    0.178316E+04    0.121263E+02    0.484534E+00
   0.235495E+03    0.255354E+04   -0.260704E+04   -0.535012E+02    0.197032E+01    0.973218E+00    0.177759E+04    0.121137E+02    0.486052E+00
   0.235995E+03    0.257071E+04   -0.262304E+04   -0.523362E+02    0.198357E+01    0.109464E+01    0.177252E+04    0.121022E+02    0.487442E+00
   0.236495E+03    0.260861E+04   -0.266149E+04   -0.528752E+02    0.201282E+01    0.939222E+00    0.177609E+04    0.121103E+02    0.486462E+00
   0.236995E+03    0.262324E+04   -0.267222E+04   -0.489782E+02    0.202411E+01    0.946368E+00    0.178072E+04    0.121208E+02    0.485198E+00
   0.237495E+03    0.261076E+04   -0.268205E+04   -0.712973E+02    0.201447E+01    0.895572E+00    0.176940E+04    0.120951E+02    0.488300E+00
   0.237995E+03    0.255990E+04   -0.263147E+04   -0.715769E+02    0.197523E+01    0.106258E+01    0.177463E+04    0.121070E+02    0.486861E+00
   0.238495E+03    0.257972E+04   -0.263647E+04   -0.567588E+02    0.199052E+01    0.853987E+00    0.177470E+04    0.121071E+02    0.486842E+00
   0.238995E+03    0.255712E+04   -0.262602E+04   -0.688952E+02    0.197309E+01    0.115565E+01    0.177249E+04    0.121021E+02    0.487449E+00
   0.239495E+03    0.259909E+04   -0.266364E+04   -0.645509E+02    0.200547E+01    0.942744E+00    0.177288E+04    0.121030E+02    0.487343E+00
   0.239995E+03    0.260328E+04   -0.266690E+04   -0.636252E+02    0.200870E+01    0.985955E+00    0.177338E+04    0.121041E+02    0.487204E+00
   0.240495E+03    0.258854E+04   -0.264118E+04   -0.526414E+02    0.199733E+01    0.968685E+00    0.178072E+04    0.121208E+02    0.485197E+00
   0.240995E+03    0.260417E+04   -0.264908E+04   -0.449082E+02    0.200939E+01    0.981518E+00    0.178602E+04    0.121328E+02    0.483758E+00
   0.241495E+03    0.259126E+04   -0.264990E+04   -0.586432E+02    0.199943E+01    0.100061E+01    0.177356E+04    0.121045E+02    0.487157E+00
   0.241995E+03    0.258952E+04   -0.265252E+04   -0.629978E+02    0.199809E+01    0.996613E+00    0.176818E+04    0.120923E+02    0.488639E+00
   0.242495E+03    0.255488E+04   -0.261225E+04   -0.573674E+02    0.197136E+01    0.102110E+01    0.177817E+04    0.121150E+02    0.485894E+00
   0.242995E+03    0.261818E+04   -0.266719E+04   -0.490131E+02    0.202020E+01    0.917671E+00    0.177709E+04    0.121126E+02    0.486187E+00
   0.243495E+03    0.256363E+04   -0.264011E+04   -0.764829E+02    0.197811E+01    0.113102E+01    0.176922E+04    0.120947E+02    0.488350E+00
   0.243995E+03    0.262661E+04   -0.270492E+04   -0.783141E+02    0.202670E+01    0.913394E+00    0.177784E+04    0.121143E+02    0.485984E+00
   0.244495E+03    0.255463E+04   -0.262142E+04   -0.667923E+02    0.197116E+01    0.102728E+01    0.178061E+04    0.121206E+02    0.485228E+00
   0.244995E+03    0.259393E+04   -0.266328E+04   -0.693511E+02    0.200149E+01    0.101325E+01    0.176766E+04    0.120911E+02    0.488782E+00
   0.245495E+03    0.259983E+04   -0.266514E+04   -0.653094E+02    0.200604E+01    0.949988E+00    0.177530E+04    0.121085E+02    0.486678E+00
   0.245995E+03    0.261146E+04   -0.264841E+04   -0.369475E+02    0.201502E+01    0.948276E+00    0.178978E+04    0.121413E+02    0.482741E+00
   0.246495E+03    0.256005E+04   -0.259099E+04   -0.309401E+02    0.197535E+01    0.974404E+00    0.179538E+04    0.121540E+02    0.481235E+00
   0.246995E+03    0.257508E+04   -0.260172E+04   -0.266435E+02    0.198695E+01    0.107720E+01    0.179302E+04    0.121487E+02    0.481868E+00
   0.247495E+03    0.260700E+04   -0.263896E+04   -0.319573E+02    0.201157E+01    0.943849E+00    0.178983E+04    0.121414E+02    0.482728E+00
   0.247995E+03    0.259807E+04   -0.263334E+04   -0.352698E+02    0.200468E+01    0.100606E+01    0.178773E+04    0.121367E+02    0.483295E+00
   0.248495E+03    0.255314E+04   -0.260849E+04   -0.553485E+02    0.197002E+01    0.111242E+01    0.178609E+04    0.121330E+02    0.483739E+00
   0.248995E+03    0.256511E+04   -0.260972E+04   -0.446160E+02    0.197925E+01    0.108640E+01    0.179429E+04    0.121515E+02    0.481529E+00
   0.249495E+03    0.258914E+04   -0.264352E+04   -0.543742E+02    0.199780E+01    0.906387E+00    0.178474E+04    0.121299E+02    0.484103E+00
   0.249995E+03    0.263458E+04   -0.268184E+04   -0.472632E+02    0.203285E+01    0.877458E+00    0.178133E+04    0.121222E+02    0.485030E+00
   0.250495E+03    0.254386E+04   -0.258505E+04   -0.411878E+02    0.196285E+01    0.115601E+01    0.179101E+04    0.121441E+02    0.482410E+00
   0.250995E+03    0.261393E+04   -0.265451E+04   -0.405738E+02    0.201692E+01    0.937015E+00    0.177612E+04    0.121104E+02    0.486454E+00
   0.251495E+03    0.258946E+04   -0.263859E+04   -0.491255E+02    0.199804E+01    0.977874E+00    0.177811E+04    0.121149E+02    0.485908E+00
   0.251995E+03    0.258758E+04   -0.263739E+04   -0.498115E+02    0.199659E+01    0.105466E+01    0.177177E+04    0.121005E+02    0.487649E+00
   0.252495E+03    0.258818E+04   -0.265002E+04   -0.618364E+02    0.199706E+01    0.922050E+00    0.176934E+04    0.120949E+02    0.488318E+00
   0.252995E+03    0.259432E+04   -0.266460E+04   -0.702724E+02    0.200179E+01    0.104818E+01    0.176557E+04    0.120864E+02    0.489359E+00
   0.253495E+03    0.259987E+04   -0.269249E+04   -0.926261E+02    0.200607E+01    0.888061E+00    0.176625E+04    0.120879E+02    0.489172E+00
   0.253995E+03    0.261517E+04   -0.271921E+04   -0.104040E+03    0.201788E+01    0.926003E+00    0.175234E+04    0.120561E+02    0.493055E+00
   0.254495E+03    0.255740E+04   -0.264549E+04   -0.880886E+02    0.197331E+01    0.113200E+01    0.176366E+04    0.120820E+02    0.489889E+00
   0.254995E+03    0.256448E+04   -0.264101E+04   -0.765291E+02    0.197877E+01    0.101213E+01    0.177075E+04    0.120982E+02    0.487928E+00
   0.255495E+03    0.259530E+04   -0.266982E+04   -0.745259E+02    0.200255E+01    0.994165E+00    0.177109E+04    0.120989E+02    0.487836E+00
   0.255995E+03    0.259401E+04   -0.268214E+04   -0.881333E+02    0.200155E+01    0.111128E+01    0.176730E+04    0.120903E+02    0.488881E+00
   0.256495E+03    0.263441E+04   -0.271612E+04   -0.817136E+02    0.203272E+01    0.796074E+00    0.177701E+04    0.121124E+02    0.486211E+00
   0.256995E+03    0.258742E+04   -0.266314E+04   -0.757251E+02    0.199646E+01    0.974992E+00    0.177433E+04    0.121063E+02    0.486944E+00
   0.257495E+03    0.258762E+04   -0.265070E+04   -0.630816E+02    0.199662E+01    0.100999E+01    0.177933E+04    0.121177E+02    0.485575E+00
   0.257995E+03    0.263287E+04   -0.268773E+04   -0.548575E+02    0.203154E+01    0.831763E+00    0.178475E+04    0.121300E+02    0.484100E+00
   0.258495E+03    0.258041E+04   -0.264120E+04   -0.607928E+02    0.199106E+01    0.943854E+00    0.178303E+04    0.121261E+02    0.484568E+00
   0.258995E+03    0.261813E+04   -0.268488E+04   -0.667532E+02    0.202016E+01    0.100694E+01    0.177205E+04    0.121011E+02    0.487570E+00
   0.259495E+03    0.260121E+04   -0.266723E+04   -0.660226E+02    0.200710E+01    0.936957E+00    0.177482E+04    0.121074E+02    0.486810E+00
   0.259995E+03    0.256273E+04   -0.261933E+04   -0.566083E+02    0.197741E+01    0.107197E+01    0.177861E+04    0.121160E+02    0.485771E+00
   0.260495E+03    0.260930E+04   -0.266136E+04   -0.520599E+02    0.201335E+01    0.902154E+00    0.178348E+04    0.121271E+02    0.484446E+00
   0.260995E+03    0.262931E+04   -0.268685E+04   -0.575415E+02    0.202879E+01    0.886838E+00    0.177340E+04    0.121042E+02    0.487199E+00
   0.261495E+03    0.258973E+04   -0.266163E+04   -0.719023E+02    0.199825E+01    0.100432E+01    0.177359E+04    0.121046E+02    0.487148E+00
   0.261995E+03    0.258839E+04   -0.265357E+04   -0.651847E+02    0.199721E+01    0.108823E+01    0.176735E+04    0.120904E+02    0.488868E+00
   0.262495E+03    0.258729E+04   -0.263394E+04   -0.466573E+02    0.199636E+01    0.928555E+00    0.178408E+04    0.121284E+02    0.484282E+00
   0.262995E+03    0.260650E+04   -0.264757E+04   -0.410787E+02    0.201119E+01    0.100766E+01    0.178882E+04    0.121392E+02    0.482999E+00
   0.263495E+03    0.258656E+04   -0.263101E+04   -0.444450E+02    0.199580E+01    0.941899E+00    0.178987E+04    0.121415E+02    0.482717E+00
   0.263995E+03    0.262565E+04   -0.266083E+04   -0.351819E+02    0.202596E+01    0.815620E+00    0.177882E+04    0.121165E+02    0.485716E+00
   0.264495E+03    0.254819E+04   -0.259343E+04   -0.452447E+02    0.196620E+01    0.119361E+01    0.177899E+04    0.121169E+02    0.485670E+00
   0.264995E+03    0.264271E+04   -0.269692E+04   -0.542127E+02    0.203913E+01    0.957247E+00    0.178531E+04    0.121312E+02    0.483949E+00
   0.265495E+03    0.256881E+04   -0.262251E+04   -0.537051E+02    0.198210E+01    0.103935E+01    0.178591E+04    0.121326E+02    0.483787E+00
   0.265995E+03    0.258452E+04   -0.264655E+04   -0.620288E+02    0.199423E+01    0.103588E+01    0.178685E+04    0.121347E+02    0.483532E+00
   0.266495E+03    0.262721E+04   -0.269355E+04   -0.663328E+02    0.202717E+01    0.820812E+00    0.177452E+04    0.121067E+02    0.486893E+00
   0.266995E+03    0.252015E+04   -0.259608E+04   -0.759330E+02    0.194456E+01    0.127715E+01    0.176951E+04    0.120953E+02    0.488271E+00
   0.267495E+03    0.262772E+04   -0.271708E+04   -0.893570E+02    0.202756E+01    0.931040E+00    0.175617E+04    0.120648E+02    0.491981E+00
   0.267995E+03    0.258501E+04   -0.266597E+04   -0.809647E+02    0.199460E+01    0.979534E+00    0.176884E+04    0.120938E+02    0.488455E+00
   0.268495E+03    0.262508E+04   -0.270199E+04   -0.769074E+02    0.202553E+01    0.859449E+00    0.176664E+04    0.120888E+02    0.489063E+00
   0.268995E+03    0.258478E+04   -0.266064E+04   -0.758573E+02    0.199443E+01    0.940291E+00    0.176708E+04    0.120898E+02    0.488943E+00
   0.269495E+03    0.256305E+04   -0.264025E+04   -0.772048E+02    0.197766E+01    0.114216E+01    0.176882E+04    0.120937E+02    0.488462E+00
   0.269995E+03    0.257415E+04   -0.263709E+04   -0.629471E+02    0.198622E+01    0.105519E+01    0.177137E+04    0.120996E+02    0.487758E+00
   0.270495E+03    0.254662E+04   -0.259966E+04   -0.530404E+02    0.196499E+01    0.115619E+01    0.177288E+04    0.121030E+02    0.487344E+00
   0.270995E+03    0.260391E+04   -0.266901E+04   -0.650969E+02    0.200919E+01    0.998131E+00    0.177192E+04    0.121008E+02    0.487608E+00
   0.271495E+03    0.262186E+04   -0.269756E+04   -0.757031E+02    0.202304E+01    0.886783E+00    0.176852E+04    0.120931E+02    0.488543E+00
   0.271995E+03    0.262804E+04   -0.271034E+04   -0.823045E+02    0.202781E+01    0.972996E+00    0.176804E+04    0.120920E+02    0.488676E+00
   0.272495E+03    0.259335E+04   -0.266667E+04   -0.733199E+02    0.200104E+01    0.942234E+00    0.177998E+04    0.121191E+02    0.485399E+00
   0.272995E+03    0.254290E+04   -0.261154E+04   -0.686409E+02    0.196211E+01    0.107756E+01    0.178192E+04    0.121235E+02    0.484870E+00
   0.273495E+03    0.258535E+04   -0.264846E+04   -0.631093E+02    0.199487E+01    0.999888E+00    0.178561E+04    0.121319E+02    0.483868E+00
   0.273995E+03    0.261846E+04   -0.268240E+04   -0.639332E+02    0.202042E+01    0.848704E+00    0.177646E+04    0.121112E+02    0.486359E+00
   0.274495E+03    0.260741E+04   -0.266773E+04   -0.603242E+02    0.201189E+01    0.938496E+00    0.177887E+04    0.121166E+02    0.485702E+00
   0.274995E+03    0.258813E+04   -0.265781E+04   -0.696822E+02    0.199701E+01    0.105862E+01    0.177014E+04    0.120968E+02    0.488097E+00
   0.275495E+03    0.261509E+04   -0.268529E+04   -0.702035E+02    0.201782E+01    0.922170E+00    0.176915E+04    0.120945E+02    0.488371E+00
   0.275995E+03    0.261853E+04   -0.269910E+04   -0.805651E+02    0.202047E+01    0.944401E+00    0.177119E+04    0.120992E+02    0.487808E+00
   0.276495E+03    0.260001E+04   -0.268201E+04   -0.819943E+02    0.200618E+01    0.994658E+00    0.177025E+04    0.120970E+02    0.488066E+00
   0.276995E+03    0.253852E+04   -0.261530E+04   -0.767734E+02    0.195874E+01    0.109218E+01    0.176998E+04    0.120964E+02    0.488141E+00
   0.277495E+03    0.260159E+04   -0.267033E+04   -0.687398E+02    0.200740E+01    0.967179E+00    0.177046E+04    0.120975E+02    0.488008E+00
   0.277995E+03    0.257052E+04   -0.264301E+04   -0.724847E+02    0.198343E+01    0.102812E+01    0.176889E+04    0.120939E+02    0.488442E+00
   0.278495E+03    0.255578E+04   -0.261304E+04   -0.572599E+02    0.197206E+01    0.112202E+01    0.176838E+04    0.120928E+02    0.488581E+00
   0.278995E+03    0.256721E+04   -0.262513E+04   -0.579268E+02    0.198087E+01    0.105608E+01    0.176705E+04    0.120897E+02    0.488950E+00
   0.279495E+03    0.256943E+04   -0.263097E+04   -0.615343E+02    0.198259E+01    0.107001E+01    0.176728E+04    0.120903E+02    0.488886E+00
   0.279995E+03    0.256947E+04   -0.263433E+04   -0.648618E+02    0.198262E+01    0.110945E+01    0.176705E+04    0.120897E+02    0.488951E+00
   0.280495E+03    0.254128E+04   -0.261187E+04   -0.705888E+02    0.196087E+01    0.113925E+01    0.176290E+04    0.120803E+02    0.490100E+00
   0.280995E+03    0.258875E+04   -0.264385E+04   -0.551027E+02    0.199749E+01    0.994426E+00    0.177556E+04    0.121091E+02    0.486608E+00
   0.281495E+03    0.261859E+04   -0.268405E+04   -0.654625E+02    0.202051E+01    0.100272E+01    0.177643E+04    0.121111E+02    0.486370E+00
   0.281995E+03    0.259200E+04   -0.266956E+04   -0.775567E+02    0.200000E+01    0.106031E+01    0.177431E+04    0.121063E+02    0.486949E+00
   0.282495E+03    0.262094E+04   -0.270270E+04   -0.817603E+02    0.202233E+01    0.908079E+00    0.177367E+04    0.121048E+02    0.487125E+00
   0.282995E+03    0.258746E+04   -0.267136E+04   -0.838971E+02    0.199650E+01    0.942962E+00    0.177458E+04    0.121069E+02    0.486876E+00
   0.283495E+03    0.257616E+04   -0.265642E+04   -0.802600E+02    0.198778E+01    0.102084E+01    0.177124E+04    0.120993E+02    0.487795E+00
   0.283995E+03    0.257530E+04   -0.264934E+04   -0.740374E+02    0.198712E+01    0.102916E+01    0.177519E+04    0.121083E+02    0.486709E+00
   0.284495E+03    0.259967E+04   -0.265871E+04   -0.590349E+02    0.200592E+01    0.981883E+00    0.178088E+04    0.121212E+02    0.485152E+00
   0.284995E+03    0.260189E+04   -0.265205E+04   -0.501624E+02    0.200763E+01    0.956472E+00    0.178107E+04    0.121216E+02    0.485101E+00
   0.285495E+03    0.261849E+04   -0.265549E+04   -0.369966E+02    0.202044E+01    0.897661E+00    0.177655E+04    0.121114E+02    0.486336E+00
   0.285995E+03    0.260667E+04   -0.265317E+04   -0.465018E+02    0.201132E+01    0.106166E+01    0.177889E+04    0.121167E+02    0.485697E+00
   0.286495E+03    0.261859E+04   -0.267311E+04   -0.545208E+02    0.202052E+01    0.908552E+00    0.178131E+04    0.121222E+02    0.485036E+00
   0.286995E+03    0.256279E+04   -0.261383E+04   -0.510463E+02    0.197746E+01    0.111016E+01    0.178256E+04    0.121250E+02    0.484695E+00
   0.287495E+03    0.255418E+04   -0.259822E+04   -0.440414E+02    0.197082E+01    0.110061E+01    0.178434E+04    0.121290E+02    0.484212E+00
   0.287995E+03    0.257068E+04   -0.260564E+04   -0.349546E+02    0.198355E+01    0.104162E+01    0.179270E+04    0.121479E+02    0.481956E+00
   0.288495E+03    0.257960E+04   -0.261686E+04   -0.372662E+02    0.199043E+01    0.100116E+01    0.179232E+04    0.121471E+02    0.482058E+00
   0.288995E+03    0.258613E+04   -0.261542E+04   -0.292896E+02    0.199547E+01    0.102580E+01    0.179672E+04    0.121570E+02    0.480875E+00
   0.289495E+03    0.256796E+04   -0.258989E+04   -0.219289E+02    0.198145E+01    0.106578E+01    0.180603E+04    0.121780E+02    0.478398E+00
   0.289995E+03    0.256860E+04   -0.260129E+04   -0.326979E+02    0.198194E+01    0.105859E+01    0.179404E+04    0.121510E+02    0.481595E+00
   0.290495E+03    0.254734E+04   -0.257957E+04   -0.322273E+02    0.196554E+01    0.108541E+01    0.179972E+04    0.121638E+02    0.480074E+00
   0.290995E+03    0.255909E+04   -0.257372E+04   -0.146234E+02    0.197461E+01    0.107557E+01    0.179597E+04    0.121553E+02    0.481078E+00
   0.291495E+03    0.258611E+04   -0.259968E+04   -0.135753E+02    0.199545E+01    0.969686E+00    0.179142E+04    0.121450E+02    0.482300E+00
   0.291995E+03    0.261965E+04   -0.263559E+04   -0.159404E+02    0.202133E+01    0.948312E+00    0.178816E+04    0.121377E+02    0.483178E+00
   0.292495E+03    0.263537E+04   -0.265895E+04   -0.235795E+02    0.203346E+01    0.905918E+00    0.178254E+04    0.121249E+02    0.484702E+00
   0.292995E+03    0.263147E+04   -0.266569E+04   -0.342254E+02    0.203045E+01    0.957996E+00    0.177610E+04    0.121103E+02    0.486460E+00
   0.293495E+03    0.256390E+04   -0.261117E+04   -0.472790E+02    0.197831E+01    0.108451E+01    0.178752E+04    0.121362E+02    0.483351E+00
   0.293995E+03    0.261804E+04   -0.267367E+04   -0.556214E+02    0.202010E+01    0.868538E+00    0.177785E+04    0.121143E+02    0.485979E+00
   0.294495E+03    0.257771E+04   -0.263565E+04   -0.579398E+02    0.198897E+01    0.115312E+01    0.178662E+04    0.121342E+02    0.483594E+00
   0.294995E+03    0.259610E+04   -0.264016E+04   -0.440657E+02    0.200316E+01    0.941595E+00    0.179542E+04    0.121541E+02    0.481223E+00
   0.295495E+03    0.261097E+04   -0.264087E+04   -0.298965E+02    0.201464E+01    0.969542E+00    0.179612E+04    0.121557E+02    0.481037E+00
   0.295995E+03    0.260349E+04   -0.262715E+04   -0.236600E+02    0.200887E+01    0.946704E+00    0.179711E+04    0.121579E+02    0.480772E+00
   0.296495E+03    0.257269E+04   -0.260590E+04   -0.332088E+02    0.198510E+01    0.106351E+01    0.179676E+04    0.121571E+02    0.480866E+00
   0.296995E+03    0.257399E+04   -0.259033E+04   -0.163366E+02    0.198610E+01    0.920101E+00    0.180535E+04    0.121765E+02    0.478576E+00
   0.297495E+03    0.264038E+04   -0.264988E+04   -0.949593E+01    0.203733E+01    0.821133E+00    0.179897E+04    0.121621E+02    0.480276E+00
   0.297995E+03    0.259787E+04   -0.261960E+04   -0.217205E+02    0.200453E+01    0.932041E+00    0.178702E+04    0.121351E+02    0.483487E+00
   0.298495E+03    0.258727E+04   -0.261004E+04   -0.227685E+02    0.199635E+01    0.101019E+01    0.179214E+04    0.121467E+02    0.482104E+00
   0.298995E+03    0.261694E+04   -0.266547E+04   -0.485357E+02    0.201924E+01    0.985330E+00    0.178576E+04    0.121322E+02    0.483828E+00
   0.299495E+03    0.255015E+04   -0.258329E+04   -0.331356E+02    0.196771E+01    0.100300E+01    0.178936E+04    0.121404E+02    0.482856E+00
   0.299995E+03    0.254151E+04   -0.257574E+04   -0.342324E+02    0.196104E+01    0.119625E+01    0.178793E+04    0.121371E+02    0.483242E+00
