# numero de partículas   :  864
# densidad               : 0.6000
# temperatura inicial    : 2.0000
# volumen                : 0.144E+04
# rcut                   : 2.5000
# paso temporal          : 0.0050
# pasos de equilibración :  10000
# pasos de medición      :  50000
# t, Ekin, Epot, Etot, Temp, Pres, Vol, L, rho
   0.495000E+00    0.232981E+04   -0.329621E+04   -0.966397E+03    0.179770E+01    0.150023E+01    0.143332E+04    0.112750E+02    0.602794E+00
   0.995000E+00    0.246113E+04   -0.326024E+04   -0.799105E+03    0.189902E+01    0.169171E+01    0.144129E+04    0.112958E+02    0.599462E+00
   0.149500E+01    0.249225E+04   -0.320469E+04   -0.712441E+03    0.192303E+01    0.183546E+01    0.145081E+04    0.113206E+02    0.595530E+00
   0.199500E+01    0.257411E+04   -0.323602E+04   -0.661910E+03    0.198620E+01    0.149990E+01    0.146032E+04    0.113453E+02    0.591653E+00
   0.249500E+01    0.254353E+04   -0.319164E+04   -0.648113E+03    0.196260E+01    0.178007E+01    0.146753E+04    0.113640E+02    0.588743E+00
   0.299500E+01    0.259914E+04   -0.321640E+04   -0.617256E+03    0.200551E+01    0.137742E+01    0.147534E+04    0.113841E+02    0.585627E+00
   0.349500E+01    0.258685E+04   -0.316852E+04   -0.581669E+03    0.199603E+01    0.150944E+01    0.148530E+04    0.114096E+02    0.581700E+00
   0.399500E+01    0.255711E+04   -0.311776E+04   -0.560652E+03    0.197308E+01    0.155615E+01    0.149349E+04    0.114306E+02    0.578509E+00
   0.449500E+01    0.254741E+04   -0.308921E+04   -0.541798E+03    0.196559E+01    0.162101E+01    0.150157E+04    0.114511E+02    0.575398E+00
   0.499500E+01    0.262582E+04   -0.316564E+04   -0.539829E+03    0.202609E+01    0.122745E+01    0.150870E+04    0.114692E+02    0.572680E+00
   0.549500E+01    0.252958E+04   -0.305211E+04   -0.522537E+03    0.195183E+01    0.168178E+01    0.151650E+04    0.114890E+02    0.569734E+00
   0.599500E+01    0.253385E+04   -0.303897E+04   -0.505122E+03    0.195513E+01    0.154450E+01    0.152343E+04    0.115064E+02    0.567141E+00
   0.649500E+01    0.258701E+04   -0.306589E+04   -0.478881E+03    0.199615E+01    0.143273E+01    0.153068E+04    0.115247E+02    0.564456E+00
   0.699500E+01    0.258929E+04   -0.305671E+04   -0.467421E+03    0.199791E+01    0.135656E+01    0.153660E+04    0.115395E+02    0.562279E+00
   0.749500E+01    0.257889E+04   -0.303760E+04   -0.458716E+03    0.198988E+01    0.144303E+01    0.154276E+04    0.115549E+02    0.560037E+00
   0.799500E+01    0.258072E+04   -0.303357E+04   -0.452851E+03    0.199130E+01    0.143141E+01    0.154948E+04    0.115717E+02    0.557606E+00
   0.849500E+01    0.257202E+04   -0.300085E+04   -0.428831E+03    0.198458E+01    0.139566E+01    0.155623E+04    0.115884E+02    0.555189E+00
   0.899500E+01    0.260180E+04   -0.301699E+04   -0.415191E+03    0.200756E+01    0.132632E+01    0.156258E+04    0.116042E+02    0.552932E+00
   0.949500E+01    0.258491E+04   -0.298570E+04   -0.400785E+03    0.199453E+01    0.129661E+01    0.156789E+04    0.116173E+02    0.551058E+00
   0.999500E+01    0.259223E+04   -0.298797E+04   -0.395744E+03    0.200018E+01    0.148543E+01    0.157394E+04    0.116322E+02    0.548939E+00
   0.104950E+02    0.259527E+04   -0.298655E+04   -0.391278E+03    0.200252E+01    0.127052E+01    0.157971E+04    0.116464E+02    0.546936E+00
   0.109950E+02    0.253470E+04   -0.292752E+04   -0.392821E+03    0.195578E+01    0.142954E+01    0.158453E+04    0.116583E+02    0.545272E+00
   0.114950E+02    0.263224E+04   -0.301567E+04   -0.383424E+03    0.203105E+01    0.120681E+01    0.158946E+04    0.116703E+02    0.543582E+00
   0.119950E+02    0.256801E+04   -0.294512E+04   -0.377113E+03    0.198149E+01    0.131961E+01    0.159334E+04    0.116798E+02    0.542258E+00
   0.124950E+02    0.255610E+04   -0.292358E+04   -0.367480E+03    0.197230E+01    0.125007E+01    0.159675E+04    0.116881E+02    0.541100E+00
   0.129950E+02    0.262341E+04   -0.296815E+04   -0.344739E+03    0.202423E+01    0.115211E+01    0.160123E+04    0.116991E+02    0.539585E+00
   0.134950E+02    0.256315E+04   -0.290509E+04   -0.341940E+03    0.197774E+01    0.127341E+01    0.160474E+04    0.117076E+02    0.538406E+00
   0.139950E+02    0.258046E+04   -0.291263E+04   -0.332176E+03    0.199109E+01    0.125824E+01    0.160928E+04    0.117186E+02    0.536887E+00
   0.144950E+02    0.259323E+04   -0.293357E+04   -0.340344E+03    0.200095E+01    0.123361E+01    0.161247E+04    0.117264E+02    0.535825E+00
   0.149950E+02    0.257023E+04   -0.289392E+04   -0.323687E+03    0.198320E+01    0.126818E+01    0.161720E+04    0.117378E+02    0.534256E+00
   0.154950E+02    0.259961E+04   -0.290395E+04   -0.304343E+03    0.200587E+01    0.123719E+01    0.162155E+04    0.117484E+02    0.532823E+00
   0.159950E+02    0.257560E+04   -0.287960E+04   -0.303998E+03    0.198735E+01    0.123849E+01    0.162546E+04    0.117578E+02    0.531542E+00
   0.164950E+02    0.256623E+04   -0.286056E+04   -0.294325E+03    0.198012E+01    0.123810E+01    0.162827E+04    0.117646E+02    0.530623E+00
   0.169950E+02    0.255998E+04   -0.283520E+04   -0.275214E+03    0.197529E+01    0.136610E+01    0.163175E+04    0.117729E+02    0.529492E+00
   0.174950E+02    0.257718E+04   -0.284190E+04   -0.264728E+03    0.198856E+01    0.124141E+01    0.163621E+04    0.117837E+02    0.528048E+00
   0.179950E+02    0.258962E+04   -0.284304E+04   -0.253422E+03    0.199816E+01    0.129816E+01    0.164053E+04    0.117940E+02    0.526660E+00
   0.184950E+02    0.252324E+04   -0.279252E+04   -0.269278E+03    0.194695E+01    0.140274E+01    0.164344E+04    0.118010E+02    0.525728E+00
   0.189950E+02    0.258543E+04   -0.284296E+04   -0.257526E+03    0.199493E+01    0.110383E+01    0.164767E+04    0.118111E+02    0.524377E+00
   0.194950E+02    0.264038E+04   -0.288777E+04   -0.247385E+03    0.203733E+01    0.975942E+00    0.165044E+04    0.118177E+02    0.523497E+00
   0.199950E+02    0.259027E+04   -0.283505E+04   -0.244772E+03    0.199867E+01    0.122778E+01    0.165380E+04    0.118257E+02    0.522434E+00
   0.204950E+02    0.255069E+04   -0.279902E+04   -0.248326E+03    0.196812E+01    0.126978E+01    0.165596E+04    0.118309E+02    0.521752E+00
   0.209950E+02    0.262221E+04   -0.288266E+04   -0.260453E+03    0.202331E+01    0.102866E+01    0.165770E+04    0.118350E+02    0.521205E+00
   0.214950E+02    0.253994E+04   -0.278901E+04   -0.249069E+03    0.195983E+01    0.127716E+01    0.165968E+04    0.118397E+02    0.520582E+00
   0.219950E+02    0.263787E+04   -0.288886E+04   -0.250991E+03    0.203540E+01    0.102501E+01    0.166185E+04    0.118449E+02    0.519903E+00
   0.224950E+02    0.257514E+04   -0.281794E+04   -0.242800E+03    0.198699E+01    0.106137E+01    0.166377E+04    0.118494E+02    0.519303E+00
   0.229950E+02    0.262093E+04   -0.285569E+04   -0.234765E+03    0.202232E+01    0.113001E+01    0.166649E+04    0.118559E+02    0.518455E+00
   0.234950E+02    0.261512E+04   -0.284046E+04   -0.225339E+03    0.201784E+01    0.105805E+01    0.166933E+04    0.118626E+02    0.517574E+00
   0.239950E+02    0.257917E+04   -0.280569E+04   -0.226515E+03    0.199010E+01    0.115166E+01    0.167150E+04    0.118678E+02    0.516902E+00
   0.244950E+02    0.263698E+04   -0.284234E+04   -0.205361E+03    0.203470E+01    0.108770E+01    0.167423E+04    0.118742E+02    0.516059E+00
   0.249950E+02    0.259139E+04   -0.279167E+04   -0.200287E+03    0.199953E+01    0.127423E+01    0.167707E+04    0.118809E+02    0.515184E+00
   0.254950E+02    0.261411E+04   -0.280626E+04   -0.192149E+03    0.201706E+01    0.112636E+01    0.168009E+04    0.118880E+02    0.514259E+00
   0.259950E+02    0.264011E+04   -0.283105E+04   -0.190945E+03    0.203712E+01    0.106353E+01    0.168385E+04    0.118969E+02    0.513111E+00
   0.264950E+02    0.261413E+04   -0.280303E+04   -0.188905E+03    0.201707E+01    0.105731E+01    0.168710E+04    0.119046E+02    0.512122E+00
   0.269950E+02    0.261574E+04   -0.281154E+04   -0.195797E+03    0.201832E+01    0.955215E+00    0.168864E+04    0.119082E+02    0.511656E+00
   0.274950E+02    0.261172E+04   -0.280445E+04   -0.192730E+03    0.201521E+01    0.109294E+01    0.169100E+04    0.119137E+02    0.510940E+00
   0.279950E+02    0.260051E+04   -0.281071E+04   -0.210199E+03    0.200657E+01    0.101907E+01    0.169210E+04    0.119163E+02    0.510608E+00
   0.284950E+02    0.258723E+04   -0.278011E+04   -0.192881E+03    0.199632E+01    0.100324E+01    0.169204E+04    0.119162E+02    0.510627E+00
   0.289950E+02    0.258089E+04   -0.277642E+04   -0.195527E+03    0.199143E+01    0.118738E+01    0.169305E+04    0.119185E+02    0.510322E+00
   0.294950E+02    0.255633E+04   -0.274207E+04   -0.185740E+03    0.197248E+01    0.128722E+01    0.169591E+04    0.119252E+02    0.509462E+00
   0.299950E+02    0.259678E+04   -0.278846E+04   -0.191679E+03    0.200369E+01    0.977239E+00    0.169723E+04    0.119283E+02    0.509065E+00
   0.304950E+02    0.255071E+04   -0.273408E+04   -0.183364E+03    0.196814E+01    0.120787E+01    0.170008E+04    0.119350E+02    0.508212E+00
   0.309950E+02    0.260504E+04   -0.277756E+04   -0.172524E+03    0.201006E+01    0.117539E+01    0.170216E+04    0.119399E+02    0.507590E+00
   0.314950E+02    0.255946E+04   -0.273511E+04   -0.175651E+03    0.197489E+01    0.115903E+01    0.170433E+04    0.119450E+02    0.506945E+00
   0.319950E+02    0.259534E+04   -0.275739E+04   -0.162042E+03    0.200258E+01    0.105768E+01    0.170602E+04    0.119489E+02    0.506441E+00
   0.324950E+02    0.263877E+04   -0.280832E+04   -0.169555E+03    0.203608E+01    0.919376E+00    0.170765E+04    0.119527E+02    0.505959E+00
   0.329950E+02    0.257254E+04   -0.273057E+04   -0.158034E+03    0.198498E+01    0.112029E+01    0.170985E+04    0.119578E+02    0.505307E+00
   0.334950E+02    0.260178E+04   -0.275062E+04   -0.148846E+03    0.200754E+01    0.996825E+00    0.171097E+04    0.119604E+02    0.504978E+00
   0.339950E+02    0.262843E+04   -0.278468E+04   -0.156253E+03    0.202811E+01    0.964873E+00    0.171075E+04    0.119599E+02    0.505041E+00
   0.344950E+02    0.265604E+04   -0.281031E+04   -0.154268E+03    0.204941E+01    0.949655E+00    0.171268E+04    0.119644E+02    0.504474E+00
   0.349950E+02    0.262651E+04   -0.279528E+04   -0.168776E+03    0.202663E+01    0.869879E+00    0.171335E+04    0.119660E+02    0.504274E+00
   0.354950E+02    0.259554E+04   -0.276301E+04   -0.167476E+03    0.200273E+01    0.100358E+01    0.171404E+04    0.119676E+02    0.504072E+00
   0.359950E+02    0.253135E+04   -0.268348E+04   -0.152129E+03    0.195320E+01    0.109790E+01    0.171502E+04    0.119699E+02    0.503785E+00
   0.364950E+02    0.255430E+04   -0.268796E+04   -0.133653E+03    0.197091E+01    0.123172E+01    0.171669E+04    0.119738E+02    0.503295E+00
   0.369950E+02    0.257173E+04   -0.271172E+04   -0.139994E+03    0.198436E+01    0.106638E+01    0.171748E+04    0.119756E+02    0.503061E+00
   0.374950E+02    0.259627E+04   -0.273213E+04   -0.135852E+03    0.200330E+01    0.109944E+01    0.171992E+04    0.119813E+02    0.502349E+00
   0.379950E+02    0.258389E+04   -0.272183E+04   -0.137944E+03    0.199374E+01    0.112909E+01    0.172169E+04    0.119854E+02    0.501831E+00
   0.384950E+02    0.261579E+04   -0.275818E+04   -0.142389E+03    0.201836E+01    0.961164E+00    0.172315E+04    0.119888E+02    0.501407E+00
   0.389950E+02    0.256054E+04   -0.269545E+04   -0.134904E+03    0.197573E+01    0.115280E+01    0.172482E+04    0.119926E+02    0.500922E+00
   0.394950E+02    0.261862E+04   -0.273847E+04   -0.119844E+03    0.202054E+01    0.102636E+01    0.172624E+04    0.119959E+02    0.500509E+00
   0.399950E+02    0.263163E+04   -0.275889E+04   -0.127266E+03    0.203057E+01    0.103986E+01    0.172833E+04    0.120008E+02    0.499904E+00
   0.404950E+02    0.257420E+04   -0.270632E+04   -0.132124E+03    0.198627E+01    0.103292E+01    0.172870E+04    0.120016E+02    0.499799E+00
   0.409950E+02    0.257749E+04   -0.271480E+04   -0.137305E+03    0.198881E+01    0.100291E+01    0.172812E+04    0.120003E+02    0.499967E+00
   0.414950E+02    0.259758E+04   -0.272431E+04   -0.126727E+03    0.200431E+01    0.993921E+00    0.172938E+04    0.120032E+02    0.499600E+00
   0.419950E+02    0.256815E+04   -0.268680E+04   -0.118645E+03    0.198160E+01    0.116190E+01    0.173153E+04    0.120082E+02    0.498980E+00
   0.424950E+02    0.258239E+04   -0.270652E+04   -0.124137E+03    0.199258E+01    0.978379E+00    0.173167E+04    0.120085E+02    0.498940E+00
   0.429950E+02    0.259359E+04   -0.270626E+04   -0.112671E+03    0.200123E+01    0.111366E+01    0.173354E+04    0.120128E+02    0.498401E+00
   0.434950E+02    0.257871E+04   -0.268757E+04   -0.108856E+03    0.198975E+01    0.109741E+01    0.173509E+04    0.120164E+02    0.497958E+00
   0.439950E+02    0.262182E+04   -0.273192E+04   -0.110105E+03    0.202301E+01    0.102306E+01    0.173732E+04    0.120215E+02    0.497317E+00
   0.444950E+02    0.260748E+04   -0.273551E+04   -0.128033E+03    0.201194E+01    0.101372E+01    0.173876E+04    0.120249E+02    0.496906E+00
   0.449950E+02    0.262111E+04   -0.275256E+04   -0.131455E+03    0.202246E+01    0.917218E+00    0.173875E+04    0.120248E+02    0.496908E+00
   0.454950E+02    0.251957E+04   -0.264553E+04   -0.125963E+03    0.194411E+01    0.121868E+01    0.173939E+04    0.120263E+02    0.496725E+00
   0.459950E+02    0.257943E+04   -0.269923E+04   -0.119799E+03    0.199030E+01    0.103835E+01    0.173941E+04    0.120264E+02    0.496720E+00
   0.464950E+02    0.258331E+04   -0.269166E+04   -0.108356E+03    0.199329E+01    0.997399E+00    0.174016E+04    0.120281E+02    0.496506E+00
   0.469950E+02    0.260810E+04   -0.272011E+04   -0.112011E+03    0.201243E+01    0.105507E+01    0.174092E+04    0.120298E+02    0.496289E+00
   0.474950E+02    0.255114E+04   -0.266600E+04   -0.114854E+03    0.196848E+01    0.118321E+01    0.174169E+04    0.120316E+02    0.496071E+00
   0.479950E+02    0.254144E+04   -0.266575E+04   -0.124310E+03    0.196099E+01    0.127346E+01    0.174152E+04    0.120312E+02    0.496120E+00
   0.484950E+02    0.255090E+04   -0.265377E+04   -0.102873E+03    0.196829E+01    0.107769E+01    0.174416E+04    0.120373E+02    0.495368E+00
   0.489950E+02    0.256991E+04   -0.267417E+04   -0.104255E+03    0.198296E+01    0.110408E+01    0.174511E+04    0.120395E+02    0.495099E+00
   0.494950E+02    0.261686E+04   -0.271790E+04   -0.101041E+03    0.201918E+01    0.933196E+00    0.174633E+04    0.120423E+02    0.494751E+00
   0.499950E+02    0.260222E+04   -0.270734E+04   -0.105121E+03    0.200789E+01    0.100625E+01    0.174699E+04    0.120438E+02    0.494566E+00
   0.504950E+02    0.254744E+04   -0.266159E+04   -0.114150E+03    0.196562E+01    0.113890E+01    0.174805E+04    0.120462E+02    0.494266E+00
   0.509950E+02    0.255667E+04   -0.266707E+04   -0.110408E+03    0.197274E+01    0.107299E+01    0.174810E+04    0.120463E+02    0.494251E+00
   0.514950E+02    0.262791E+04   -0.274848E+04   -0.120576E+03    0.202771E+01    0.866671E+00    0.174768E+04    0.120454E+02    0.494370E+00
   0.519950E+02    0.259604E+04   -0.271422E+04   -0.118178E+03    0.200312E+01    0.104587E+01    0.174838E+04    0.120470E+02    0.494170E+00
   0.524950E+02    0.255986E+04   -0.267314E+04   -0.113277E+03    0.197520E+01    0.113192E+01    0.174907E+04    0.120486E+02    0.493977E+00
   0.529950E+02    0.259094E+04   -0.268589E+04   -0.949521E+02    0.199918E+01    0.110984E+01    0.174998E+04    0.120507E+02    0.493719E+00
   0.534950E+02    0.256000E+04   -0.265628E+04   -0.962797E+02    0.197531E+01    0.111825E+01    0.175083E+04    0.120526E+02    0.493480E+00
   0.539950E+02    0.257865E+04   -0.266913E+04   -0.904801E+02    0.198970E+01    0.101816E+01    0.175062E+04    0.120521E+02    0.493539E+00
   0.544950E+02    0.259322E+04   -0.267428E+04   -0.810543E+02    0.200094E+01    0.112009E+01    0.175182E+04    0.120549E+02    0.493202E+00
   0.549950E+02    0.261897E+04   -0.270709E+04   -0.881210E+02    0.202081E+01    0.918921E+00    0.175248E+04    0.120564E+02    0.493015E+00
   0.554950E+02    0.261614E+04   -0.270301E+04   -0.868644E+02    0.201863E+01    0.102107E+01    0.175265E+04    0.120568E+02    0.492967E+00
   0.559950E+02    0.259958E+04   -0.267917E+04   -0.795959E+02    0.200584E+01    0.108227E+01    0.175497E+04    0.120621E+02    0.492316E+00
   0.564950E+02    0.260001E+04   -0.268423E+04   -0.842223E+02    0.200618E+01    0.897609E+00    0.175500E+04    0.120622E+02    0.492308E+00
   0.569950E+02    0.259222E+04   -0.269529E+04   -0.103074E+03    0.200017E+01    0.110727E+01    0.175500E+04    0.120622E+02    0.492306E+00
   0.574950E+02    0.253992E+04   -0.264286E+04   -0.102943E+03    0.195981E+01    0.114165E+01    0.175514E+04    0.120625E+02    0.492268E+00
   0.579950E+02    0.257894E+04   -0.267306E+04   -0.941189E+02    0.198992E+01    0.110945E+01    0.175595E+04    0.120644E+02    0.492040E+00
   0.584950E+02    0.256447E+04   -0.265223E+04   -0.877630E+02    0.197875E+01    0.107359E+01    0.175667E+04    0.120660E+02    0.491839E+00
   0.589950E+02    0.254386E+04   -0.262564E+04   -0.817788E+02    0.196286E+01    0.125649E+01    0.175788E+04    0.120688E+02    0.491500E+00
   0.594950E+02    0.260606E+04   -0.268579E+04   -0.797278E+02    0.201085E+01    0.967102E+00    0.175843E+04    0.120700E+02    0.491348E+00
   0.599950E+02    0.258671E+04   -0.267767E+04   -0.909636E+02    0.199592E+01    0.106425E+01    0.175897E+04    0.120713E+02    0.491198E+00
   0.604950E+02    0.258423E+04   -0.267675E+04   -0.925141E+02    0.199401E+01    0.105957E+01    0.175927E+04    0.120719E+02    0.491114E+00
   0.609950E+02    0.257788E+04   -0.265993E+04   -0.820486E+02    0.198911E+01    0.997441E+00    0.175899E+04    0.120713E+02    0.491190E+00
   0.614950E+02    0.259373E+04   -0.266276E+04   -0.690378E+02    0.200133E+01    0.102740E+01    0.176007E+04    0.120738E+02    0.490889E+00
   0.619950E+02    0.261732E+04   -0.269051E+04   -0.731869E+02    0.201954E+01    0.934630E+00    0.176054E+04    0.120749E+02    0.490759E+00
   0.624950E+02    0.254727E+04   -0.261535E+04   -0.680791E+02    0.196549E+01    0.114159E+01    0.176124E+04    0.120765E+02    0.490563E+00
   0.629950E+02    0.261930E+04   -0.269189E+04   -0.725819E+02    0.202107E+01    0.922004E+00    0.176161E+04    0.120773E+02    0.490461E+00
   0.634950E+02    0.256636E+04   -0.263818E+04   -0.718207E+02    0.198022E+01    0.110383E+01    0.176109E+04    0.120761E+02    0.490606E+00
   0.639950E+02    0.260092E+04   -0.267330E+04   -0.723836E+02    0.200688E+01    0.988902E+00    0.176209E+04    0.120784E+02    0.490327E+00
   0.644950E+02    0.258941E+04   -0.267360E+04   -0.841874E+02    0.199800E+01    0.107069E+01    0.176270E+04    0.120798E+02    0.490156E+00
   0.649950E+02    0.258513E+04   -0.265975E+04   -0.746149E+02    0.199470E+01    0.107231E+01    0.176452E+04    0.120840E+02    0.489651E+00
   0.654950E+02    0.258925E+04   -0.267105E+04   -0.818024E+02    0.199787E+01    0.102836E+01    0.176478E+04    0.120845E+02    0.489581E+00
   0.659950E+02    0.258143E+04   -0.265221E+04   -0.707744E+02    0.199185E+01    0.973612E+00    0.176503E+04    0.120851E+02    0.489509E+00
   0.664950E+02    0.262999E+04   -0.269927E+04   -0.692814E+02    0.202931E+01    0.855889E+00    0.176457E+04    0.120841E+02    0.489636E+00
   0.669950E+02    0.258775E+04   -0.265984E+04   -0.720913E+02    0.199672E+01    0.924339E+00    0.176384E+04    0.120824E+02    0.489841E+00
   0.674950E+02    0.261748E+04   -0.267959E+04   -0.621072E+02    0.201966E+01    0.964363E+00    0.176333E+04    0.120812E+02    0.489983E+00
   0.679950E+02    0.260138E+04   -0.267269E+04   -0.713104E+02    0.200724E+01    0.102441E+01    0.176449E+04    0.120839E+02    0.489660E+00
   0.684950E+02    0.258695E+04   -0.266171E+04   -0.747673E+02    0.199610E+01    0.108078E+01    0.176482E+04    0.120846E+02    0.489569E+00
   0.689950E+02    0.262401E+04   -0.270214E+04   -0.781372E+02    0.202470E+01    0.960883E+00    0.176504E+04    0.120851E+02    0.489507E+00
   0.694950E+02    0.258407E+04   -0.266873E+04   -0.846618E+02    0.199388E+01    0.115569E+01    0.176596E+04    0.120872E+02    0.489253E+00
   0.699950E+02    0.257996E+04   -0.266233E+04   -0.823763E+02    0.199071E+01    0.110967E+01    0.176732E+04    0.120903E+02    0.488877E+00
   0.704950E+02    0.253826E+04   -0.262543E+04   -0.871690E+02    0.195853E+01    0.117571E+01    0.176674E+04    0.120890E+02    0.489037E+00
   0.709950E+02    0.262116E+04   -0.270272E+04   -0.815684E+02    0.202250E+01    0.965685E+00    0.176753E+04    0.120908E+02    0.488818E+00
   0.714950E+02    0.257727E+04   -0.266323E+04   -0.859552E+02    0.198864E+01    0.104508E+01    0.176708E+04    0.120898E+02    0.488942E+00
   0.719950E+02    0.258486E+04   -0.265926E+04   -0.744005E+02    0.199449E+01    0.104815E+01    0.176735E+04    0.120904E+02    0.488868E+00
   0.724950E+02    0.257697E+04   -0.264558E+04   -0.686139E+02    0.198840E+01    0.106241E+01    0.176790E+04    0.120917E+02    0.488715E+00
   0.729950E+02    0.255325E+04   -0.263708E+04   -0.838274E+02    0.197010E+01    0.113125E+01    0.176839E+04    0.120928E+02    0.488579E+00
   0.734950E+02    0.260961E+04   -0.268792E+04   -0.783102E+02    0.201359E+01    0.972178E+00    0.176857E+04    0.120932E+02    0.488531E+00
   0.739950E+02    0.257696E+04   -0.264666E+04   -0.696913E+02    0.198840E+01    0.911948E+00    0.176798E+04    0.120919E+02    0.488692E+00
   0.744950E+02    0.254864E+04   -0.260592E+04   -0.572826E+02    0.196654E+01    0.114862E+01    0.176844E+04    0.120929E+02    0.488567E+00
   0.749950E+02    0.260225E+04   -0.266157E+04   -0.593150E+02    0.200791E+01    0.907888E+00    0.176882E+04    0.120938E+02    0.488461E+00
   0.754950E+02    0.259379E+04   -0.264622E+04   -0.524348E+02    0.200138E+01    0.101424E+01    0.176908E+04    0.120943E+02    0.488390E+00
   0.759950E+02    0.262951E+04   -0.269616E+04   -0.666486E+02    0.202894E+01    0.104945E+01    0.177023E+04    0.120970E+02    0.488073E+00
   0.764950E+02    0.260779E+04   -0.267660E+04   -0.688121E+02    0.201218E+01    0.991219E+00    0.177162E+04    0.121001E+02    0.487690E+00
   0.769950E+02    0.257095E+04   -0.264984E+04   -0.788870E+02    0.198376E+01    0.109869E+01    0.177163E+04    0.121002E+02    0.487686E+00
   0.774950E+02    0.255671E+04   -0.261190E+04   -0.551915E+02    0.197277E+01    0.101389E+01    0.177310E+04    0.121035E+02    0.487282E+00
   0.779950E+02    0.258219E+04   -0.263368E+04   -0.514940E+02    0.199243E+01    0.106910E+01    0.177275E+04    0.121027E+02    0.487379E+00
   0.784950E+02    0.257937E+04   -0.263463E+04   -0.552673E+02    0.199025E+01    0.101708E+01    0.177238E+04    0.121019E+02    0.487480E+00
   0.789950E+02    0.262822E+04   -0.268383E+04   -0.556087E+02    0.202795E+01    0.988566E+00    0.177387E+04    0.121053E+02    0.487071E+00
   0.794950E+02    0.259735E+04   -0.264924E+04   -0.518947E+02    0.200412E+01    0.970274E+00    0.177427E+04    0.121062E+02    0.486960E+00
   0.799950E+02    0.264329E+04   -0.269987E+04   -0.565767E+02    0.203958E+01    0.865299E+00    0.177358E+04    0.121046E+02    0.487151E+00
   0.804950E+02    0.262020E+04   -0.268601E+04   -0.658017E+02    0.202176E+01    0.100476E+01    0.177398E+04    0.121055E+02    0.487040E+00
   0.809950E+02    0.258543E+04   -0.265373E+04   -0.682937E+02    0.199493E+01    0.106649E+01    0.177440E+04    0.121065E+02    0.486925E+00
   0.814950E+02    0.264567E+04   -0.269861E+04   -0.529387E+02    0.204141E+01    0.845672E+00    0.177459E+04    0.121069E+02    0.486873E+00
   0.819950E+02    0.261515E+04   -0.266938E+04   -0.542250E+02    0.201786E+01    0.863782E+00    0.177358E+04    0.121046E+02    0.487150E+00
   0.824950E+02    0.256122E+04   -0.260564E+04   -0.444255E+02    0.197625E+01    0.111831E+01    0.177373E+04    0.121049E+02    0.487108E+00
   0.829950E+02    0.254598E+04   -0.260646E+04   -0.604814E+02    0.196449E+01    0.113417E+01    0.177378E+04    0.121051E+02    0.487095E+00
   0.834950E+02    0.261619E+04   -0.266808E+04   -0.518899E+02    0.201866E+01    0.891196E+00    0.177416E+04    0.121059E+02    0.486990E+00
   0.839950E+02    0.257979E+04   -0.263187E+04   -0.520797E+02    0.199058E+01    0.989819E+00    0.177285E+04    0.121029E+02    0.487351E+00
   0.844950E+02    0.257021E+04   -0.262737E+04   -0.571631E+02    0.198318E+01    0.982055E+00    0.177315E+04    0.121036E+02    0.487268E+00
   0.849950E+02    0.263292E+04   -0.268426E+04   -0.513407E+02    0.203158E+01    0.964653E+00    0.177357E+04    0.121046E+02    0.487152E+00
   0.854950E+02    0.259367E+04   -0.264502E+04   -0.513517E+02    0.200128E+01    0.966978E+00    0.177450E+04    0.121067E+02    0.486897E+00
   0.859950E+02    0.261181E+04   -0.266198E+04   -0.501721E+02    0.201528E+01    0.929905E+00    0.177491E+04    0.121076E+02    0.486784E+00
   0.864950E+02    0.263914E+04   -0.269437E+04   -0.552319E+02    0.203637E+01    0.834230E+00    0.177476E+04    0.121073E+02    0.486826E+00
   0.869950E+02    0.252683E+04   -0.257501E+04   -0.481793E+02    0.194971E+01    0.120926E+01    0.177453E+04    0.121068E+02    0.486888E+00
   0.874950E+02    0.256776E+04   -0.261455E+04   -0.467886E+02    0.198129E+01    0.105622E+01    0.177591E+04    0.121099E+02    0.486512E+00
   0.879950E+02    0.257170E+04   -0.262858E+04   -0.568823E+02    0.198433E+01    0.101387E+01    0.177469E+04    0.121071E+02    0.486845E+00
   0.884950E+02    0.261698E+04   -0.266864E+04   -0.516569E+02    0.201928E+01    0.101940E+01    0.177523E+04    0.121083E+02    0.486697E+00
   0.889950E+02    0.264069E+04   -0.269428E+04   -0.535832E+02    0.203757E+01    0.902129E+00    0.177664E+04    0.121115E+02    0.486312E+00
   0.894950E+02    0.254304E+04   -0.259714E+04   -0.540996E+02    0.196222E+01    0.118145E+01    0.177772E+04    0.121140E+02    0.486015E+00
   0.899950E+02    0.258664E+04   -0.264043E+04   -0.537894E+02    0.199587E+01    0.991673E+00    0.177751E+04    0.121135E+02    0.486073E+00
   0.904950E+02    0.263466E+04   -0.269238E+04   -0.577130E+02    0.203292E+01    0.932019E+00    0.177801E+04    0.121147E+02    0.485936E+00
   0.909950E+02    0.256164E+04   -0.260957E+04   -0.479275E+02    0.197657E+01    0.107970E+01    0.177913E+04    0.121172E+02    0.485632E+00
   0.914950E+02    0.260685E+04   -0.264726E+04   -0.404134E+02    0.201146E+01    0.966290E+00    0.177897E+04    0.121168E+02    0.485676E+00
   0.919950E+02    0.264576E+04   -0.269008E+04   -0.443227E+02    0.204148E+01    0.785545E+00    0.177935E+04    0.121177E+02    0.485570E+00
   0.924950E+02    0.257903E+04   -0.262523E+04   -0.461992E+02    0.199000E+01    0.976209E+00    0.177822E+04    0.121151E+02    0.485880E+00
   0.929950E+02    0.254476E+04   -0.259207E+04   -0.473101E+02    0.196355E+01    0.111828E+01    0.177868E+04    0.121162E+02    0.485754E+00
   0.934950E+02    0.262786E+04   -0.267874E+04   -0.508884E+02    0.202767E+01    0.834619E+00    0.177925E+04    0.121175E+02    0.485597E+00
   0.939950E+02    0.258302E+04   -0.263711E+04   -0.540885E+02    0.199307E+01    0.974513E+00    0.177861E+04    0.121160E+02    0.485772E+00
   0.944950E+02    0.261102E+04   -0.266651E+04   -0.554848E+02    0.201468E+01    0.955706E+00    0.177911E+04    0.121172E+02    0.485637E+00
   0.949950E+02    0.260306E+04   -0.266427E+04   -0.612119E+02    0.200854E+01    0.104890E+01    0.177855E+04    0.121159E+02    0.485788E+00
   0.954950E+02    0.262117E+04   -0.268177E+04   -0.605974E+02    0.202251E+01    0.990226E+00    0.177970E+04    0.121185E+02    0.485475E+00
   0.959950E+02    0.261134E+04   -0.267179E+04   -0.604515E+02    0.201492E+01    0.932625E+00    0.178031E+04    0.121199E+02    0.485308E+00
   0.964950E+02    0.263284E+04   -0.271260E+04   -0.797519E+02    0.203152E+01    0.876972E+00    0.177935E+04    0.121177E+02    0.485570E+00
   0.969950E+02    0.252845E+04   -0.260269E+04   -0.742347E+02    0.195097E+01    0.121268E+01    0.177955E+04    0.121182E+02    0.485517E+00
   0.974950E+02    0.257081E+04   -0.262392E+04   -0.531049E+02    0.198365E+01    0.107860E+01    0.177971E+04    0.121185E+02    0.485474E+00
   0.979950E+02    0.254319E+04   -0.259172E+04   -0.485305E+02    0.196234E+01    0.128411E+01    0.178118E+04    0.121219E+02    0.485073E+00
   0.984950E+02    0.260725E+04   -0.264921E+04   -0.419601E+02    0.201177E+01    0.912044E+00    0.178124E+04    0.121220E+02    0.485056E+00
   0.989950E+02    0.263094E+04   -0.268741E+04   -0.564785E+02    0.203004E+01    0.937853E+00    0.178168E+04    0.121230E+02    0.484935E+00
   0.994950E+02    0.258354E+04   -0.264856E+04   -0.650182E+02    0.199348E+01    0.106709E+01    0.178174E+04    0.121231E+02    0.484919E+00
   0.999950E+02    0.256786E+04   -0.262701E+04   -0.591481E+02    0.198137E+01    0.998691E+00    0.178214E+04    0.121240E+02    0.484810E+00
   0.100495E+03    0.258588E+04   -0.263391E+04   -0.480327E+02    0.199528E+01    0.964098E+00    0.178123E+04    0.121220E+02    0.485058E+00
   0.100995E+03    0.260367E+04   -0.264985E+04   -0.461855E+02    0.200900E+01    0.991073E+00    0.178144E+04    0.121225E+02    0.485000E+00
   0.101495E+03    0.258466E+04   -0.263764E+04   -0.529777E+02    0.199434E+01    0.106316E+01    0.178113E+04    0.121217E+02    0.485085E+00
   0.101995E+03    0.258747E+04   -0.263633E+04   -0.488621E+02    0.199650E+01    0.108632E+01    0.178242E+04    0.121247E+02    0.484735E+00
   0.102495E+03    0.262228E+04   -0.268101E+04   -0.587311E+02    0.202336E+01    0.886012E+00    0.178300E+04    0.121260E+02    0.484577E+00
   0.102995E+03    0.258969E+04   -0.264673E+04   -0.570395E+02    0.199822E+01    0.103675E+01    0.178320E+04    0.121264E+02    0.484522E+00
   0.103495E+03    0.256685E+04   -0.263149E+04   -0.646419E+02    0.198059E+01    0.976040E+00    0.178326E+04    0.121266E+02    0.484506E+00
   0.103995E+03    0.262421E+04   -0.268171E+04   -0.575026E+02    0.202485E+01    0.888136E+00    0.178154E+04    0.121227E+02    0.484973E+00
   0.104495E+03    0.254999E+04   -0.260441E+04   -0.544194E+02    0.196758E+01    0.104193E+01    0.178010E+04    0.121194E+02    0.485365E+00
   0.104995E+03    0.258490E+04   -0.263178E+04   -0.468862E+02    0.199452E+01    0.998489E+00    0.178059E+04    0.121205E+02    0.485233E+00
   0.105495E+03    0.257809E+04   -0.262799E+04   -0.499067E+02    0.198926E+01    0.999553E+00    0.177962E+04    0.121183E+02    0.485496E+00
   0.105995E+03    0.256024E+04   -0.259148E+04   -0.312478E+02    0.197549E+01    0.119954E+01    0.178052E+04    0.121204E+02    0.485252E+00
   0.106495E+03    0.264036E+04   -0.267788E+04   -0.375252E+02    0.203731E+01    0.969055E+00    0.178142E+04    0.121224E+02    0.485007E+00
   0.106995E+03    0.262599E+04   -0.266766E+04   -0.416700E+02    0.202623E+01    0.910529E+00    0.178252E+04    0.121249E+02    0.484707E+00
   0.107495E+03    0.254857E+04   -0.259942E+04   -0.508413E+02    0.196649E+01    0.105750E+01    0.178175E+04    0.121231E+02    0.484918E+00
   0.107995E+03    0.260190E+04   -0.264455E+04   -0.426490E+02    0.200764E+01    0.889395E+00    0.178130E+04    0.121221E+02    0.485040E+00
   0.108495E+03    0.259983E+04   -0.264605E+04   -0.462155E+02    0.200604E+01    0.986848E+00    0.178121E+04    0.121219E+02    0.485064E+00
   0.108995E+03    0.259176E+04   -0.264248E+04   -0.507253E+02    0.199981E+01    0.944065E+00    0.178074E+04    0.121209E+02    0.485193E+00
   0.109495E+03    0.262413E+04   -0.268550E+04   -0.613648E+02    0.202479E+01    0.965153E+00    0.178109E+04    0.121217E+02    0.485096E+00
   0.109995E+03    0.252993E+04   -0.258048E+04   -0.505507E+02    0.195211E+01    0.120325E+01    0.178284E+04    0.121256E+02    0.484619E+00
   0.110495E+03    0.259761E+04   -0.264749E+04   -0.498713E+02    0.200433E+01    0.987962E+00    0.178341E+04    0.121269E+02    0.484464E+00
   0.110995E+03    0.260468E+04   -0.264886E+04   -0.441767E+02    0.200978E+01    0.955609E+00    0.178457E+04    0.121295E+02    0.484150E+00
   0.111495E+03    0.257982E+04   -0.261895E+04   -0.391350E+02    0.199060E+01    0.101826E+01    0.178436E+04    0.121291E+02    0.484208E+00
   0.111995E+03    0.259255E+04   -0.264214E+04   -0.495902E+02    0.200042E+01    0.101414E+01    0.178454E+04    0.121295E+02    0.484160E+00
   0.112495E+03    0.260734E+04   -0.266081E+04   -0.534717E+02    0.201184E+01    0.892392E+00    0.178427E+04    0.121289E+02    0.484230E+00
   0.112995E+03    0.260093E+04   -0.265884E+04   -0.579077E+02    0.200689E+01    0.104196E+01    0.178448E+04    0.121293E+02    0.484174E+00
   0.113495E+03    0.259209E+04   -0.264688E+04   -0.547914E+02    0.200007E+01    0.950165E+00    0.178369E+04    0.121276E+02    0.484388E+00
   0.113995E+03    0.255005E+04   -0.258400E+04   -0.339470E+02    0.196763E+01    0.115220E+01    0.178356E+04    0.121273E+02    0.484425E+00
   0.114495E+03    0.255062E+04   -0.259160E+04   -0.409803E+02    0.196807E+01    0.107534E+01    0.178346E+04    0.121270E+02    0.484451E+00
   0.114995E+03    0.254063E+04   -0.259849E+04   -0.578590E+02    0.196037E+01    0.113176E+01    0.178241E+04    0.121246E+02    0.484738E+00
   0.115495E+03    0.256719E+04   -0.260585E+04   -0.386612E+02    0.198085E+01    0.105888E+01    0.178391E+04    0.121281E+02    0.484328E+00
   0.115995E+03    0.259166E+04   -0.264294E+04   -0.512840E+02    0.199974E+01    0.994054E+00    0.178339E+04    0.121269E+02    0.484471E+00
   0.116495E+03    0.254022E+04   -0.258052E+04   -0.402990E+02    0.196005E+01    0.116532E+01    0.178395E+04    0.121281E+02    0.484319E+00
   0.116995E+03    0.262714E+04   -0.268268E+04   -0.555384E+02    0.202711E+01    0.103764E+01    0.178451E+04    0.121294E+02    0.484167E+00
   0.117495E+03    0.255012E+04   -0.261208E+04   -0.619573E+02    0.196768E+01    0.114509E+01    0.178400E+04    0.121283E+02    0.484304E+00
   0.117995E+03    0.258506E+04   -0.264967E+04   -0.646042E+02    0.199465E+01    0.104382E+01    0.178488E+04    0.121303E+02    0.484065E+00
   0.118495E+03    0.259594E+04   -0.265982E+04   -0.638827E+02    0.200304E+01    0.924896E+00    0.178487E+04    0.121302E+02    0.484068E+00
   0.118995E+03    0.259883E+04   -0.265404E+04   -0.552112E+02    0.200527E+01    0.949412E+00    0.178418E+04    0.121287E+02    0.484255E+00
   0.119495E+03    0.257904E+04   -0.263378E+04   -0.547390E+02    0.199000E+01    0.101971E+01    0.178365E+04    0.121275E+02    0.484400E+00
   0.119995E+03    0.256977E+04   -0.262595E+04   -0.561825E+02    0.198285E+01    0.108827E+01    0.178379E+04    0.121278E+02    0.484363E+00
   0.120495E+03    0.256189E+04   -0.260998E+04   -0.480934E+02    0.197676E+01    0.104907E+01    0.178479E+04    0.121300E+02    0.484091E+00
   0.120995E+03    0.254541E+04   -0.257859E+04   -0.331788E+02    0.196405E+01    0.107859E+01    0.178481E+04    0.121301E+02    0.484084E+00
   0.121495E+03    0.259886E+04   -0.264049E+04   -0.416352E+02    0.200529E+01    0.102166E+01    0.178499E+04    0.121305E+02    0.484037E+00
   0.121995E+03    0.263137E+04   -0.267577E+04   -0.443949E+02    0.203038E+01    0.851830E+00    0.178446E+04    0.121293E+02    0.484179E+00
   0.122495E+03    0.258105E+04   -0.262264E+04   -0.415908E+02    0.199155E+01    0.108581E+01    0.178419E+04    0.121287E+02    0.484254E+00
   0.122995E+03    0.258210E+04   -0.263210E+04   -0.499984E+02    0.199236E+01    0.109293E+01    0.178440E+04    0.121292E+02    0.484197E+00
   0.123495E+03    0.268116E+04   -0.273795E+04   -0.567876E+02    0.206880E+01    0.775346E+00    0.178463E+04    0.121297E+02    0.484133E+00
   0.123995E+03    0.253662E+04   -0.258573E+04   -0.491176E+02    0.195727E+01    0.114057E+01    0.178458E+04    0.121296E+02    0.484147E+00
   0.124495E+03    0.258642E+04   -0.263868E+04   -0.522611E+02    0.199569E+01    0.102877E+01    0.178445E+04    0.121293E+02    0.484182E+00
   0.124995E+03    0.261072E+04   -0.265030E+04   -0.395804E+02    0.201444E+01    0.908556E+00    0.178451E+04    0.121294E+02    0.484168E+00
   0.125495E+03    0.256328E+04   -0.261439E+04   -0.511126E+02    0.197784E+01    0.110860E+01    0.178410E+04    0.121285E+02    0.484277E+00
   0.125995E+03    0.253804E+04   -0.258376E+04   -0.457126E+02    0.195837E+01    0.123725E+01    0.178435E+04    0.121290E+02    0.484211E+00
   0.126495E+03    0.259874E+04   -0.265161E+04   -0.528698E+02    0.200520E+01    0.104160E+01    0.178590E+04    0.121326E+02    0.483790E+00
   0.126995E+03    0.260542E+04   -0.266091E+04   -0.554897E+02    0.201036E+01    0.937284E+00    0.178596E+04    0.121327E+02    0.483773E+00
   0.127495E+03    0.259524E+04   -0.264728E+04   -0.520415E+02    0.200250E+01    0.986165E+00    0.178417E+04    0.121286E+02    0.484259E+00
   0.127995E+03    0.262972E+04   -0.266626E+04   -0.365415E+02    0.202910E+01    0.971210E+00    0.178487E+04    0.121302E+02    0.484069E+00
   0.128495E+03    0.262040E+04   -0.266038E+04   -0.399799E+02    0.202191E+01    0.946767E+00    0.178577E+04    0.121323E+02    0.483824E+00
   0.128995E+03    0.258933E+04   -0.263813E+04   -0.488086E+02    0.199794E+01    0.966567E+00    0.178552E+04    0.121317E+02    0.483894E+00
   0.129495E+03    0.253862E+04   -0.258922E+04   -0.506003E+02    0.195881E+01    0.122503E+01    0.178600E+04    0.121328E+02    0.483761E+00
   0.129995E+03    0.257798E+04   -0.263360E+04   -0.556220E+02    0.198918E+01    0.105375E+01    0.178639E+04    0.121337E+02    0.483658E+00
   0.130495E+03    0.257536E+04   -0.263207E+04   -0.567056E+02    0.198716E+01    0.101259E+01    0.178614E+04    0.121331E+02    0.483725E+00
   0.130995E+03    0.262194E+04   -0.267977E+04   -0.578280E+02    0.202310E+01    0.910353E+00    0.178625E+04    0.121334E+02    0.483695E+00
   0.131495E+03    0.257830E+04   -0.263744E+04   -0.591438E+02    0.198943E+01    0.916919E+00    0.178593E+04    0.121326E+02    0.483782E+00
   0.131995E+03    0.257711E+04   -0.262558E+04   -0.484747E+02    0.198851E+01    0.108287E+01    0.178567E+04    0.121320E+02    0.483851E+00
   0.132495E+03    0.257832E+04   -0.261927E+04   -0.409513E+02    0.198945E+01    0.954524E+00    0.178629E+04    0.121334E+02    0.483684E+00
   0.132995E+03    0.260228E+04   -0.264725E+04   -0.449684E+02    0.200793E+01    0.960724E+00    0.178572E+04    0.121322E+02    0.483838E+00
   0.133495E+03    0.258527E+04   -0.261308E+04   -0.278048E+02    0.199481E+01    0.918087E+00    0.178535E+04    0.121313E+02    0.483940E+00
   0.133995E+03    0.255438E+04   -0.258550E+04   -0.311196E+02    0.197097E+01    0.108796E+01    0.178406E+04    0.121284E+02    0.484287E+00
   0.134495E+03    0.259951E+04   -0.262618E+04   -0.266650E+02    0.200580E+01    0.107462E+01    0.178538E+04    0.121314E+02    0.483931E+00
   0.134995E+03    0.265913E+04   -0.269678E+04   -0.376544E+02    0.205180E+01    0.815667E+00    0.178598E+04    0.121327E+02    0.483769E+00
   0.135495E+03    0.258543E+04   -0.262931E+04   -0.438768E+02    0.199493E+01    0.103514E+01    0.178625E+04    0.121333E+02    0.483696E+00
   0.135995E+03    0.260606E+04   -0.264648E+04   -0.404190E+02    0.201085E+01    0.949275E+00    0.178531E+04    0.121312E+02    0.483950E+00
   0.136495E+03    0.263296E+04   -0.265313E+04   -0.201718E+02    0.203160E+01    0.922391E+00    0.178678E+04    0.121345E+02    0.483552E+00
   0.136995E+03    0.259780E+04   -0.263045E+04   -0.326437E+02    0.200448E+01    0.939333E+00    0.178542E+04    0.121315E+02    0.483920E+00
   0.137495E+03    0.258567E+04   -0.261804E+04   -0.323696E+02    0.199512E+01    0.118600E+01    0.178565E+04    0.121320E+02    0.483856E+00
   0.137995E+03    0.254292E+04   -0.257995E+04   -0.370335E+02    0.196213E+01    0.105138E+01    0.178671E+04    0.121344E+02    0.483569E+00
   0.138495E+03    0.258158E+04   -0.262553E+04   -0.439450E+02    0.199196E+01    0.103611E+01    0.178583E+04    0.121324E+02    0.483808E+00
   0.138995E+03    0.255985E+04   -0.260717E+04   -0.473232E+02    0.197519E+01    0.110200E+01    0.178698E+04    0.121350E+02    0.483497E+00
   0.139495E+03    0.262140E+04   -0.266469E+04   -0.432918E+02    0.202269E+01    0.933996E+00    0.178670E+04    0.121344E+02    0.483573E+00
   0.139995E+03    0.264261E+04   -0.269436E+04   -0.517481E+02    0.203905E+01    0.854374E+00    0.178773E+04    0.121367E+02    0.483295E+00
   0.140495E+03    0.254782E+04   -0.260601E+04   -0.581939E+02    0.196591E+01    0.119724E+01    0.178838E+04    0.121382E+02    0.483119E+00
   0.140995E+03    0.256397E+04   -0.261637E+04   -0.523997E+02    0.197837E+01    0.977145E+00    0.178724E+04    0.121356E+02    0.483427E+00
   0.141495E+03    0.255892E+04   -0.259562E+04   -0.367048E+02    0.197447E+01    0.109926E+01    0.178628E+04    0.121334E+02    0.483686E+00
   0.141995E+03    0.260324E+04   -0.263627E+04   -0.330302E+02    0.200867E+01    0.102337E+01    0.178623E+04    0.121333E+02    0.483700E+00
   0.142495E+03    0.260739E+04   -0.264750E+04   -0.401127E+02    0.201187E+01    0.921922E+00    0.178557E+04    0.121318E+02    0.483879E+00
   0.142995E+03    0.258685E+04   -0.263462E+04   -0.477781E+02    0.199602E+01    0.103087E+01    0.178617E+04    0.121332E+02    0.483716E+00
   0.143495E+03    0.258009E+04   -0.262702E+04   -0.469321E+02    0.199081E+01    0.100563E+01    0.178591E+04    0.121326E+02    0.483787E+00
   0.143995E+03    0.260112E+04   -0.264556E+04   -0.444425E+02    0.200703E+01    0.101198E+01    0.178631E+04    0.121335E+02    0.483679E+00
   0.144495E+03    0.259692E+04   -0.263444E+04   -0.375218E+02    0.200379E+01    0.955243E+00    0.178610E+04    0.121330E+02    0.483737E+00
   0.144995E+03    0.263280E+04   -0.267140E+04   -0.386052E+02    0.203148E+01    0.861843E+00    0.178515E+04    0.121309E+02    0.483994E+00
   0.145495E+03    0.259320E+04   -0.262977E+04   -0.365668E+02    0.200093E+01    0.924873E+00    0.178488E+04    0.121302E+02    0.484067E+00
   0.145995E+03    0.258571E+04   -0.263095E+04   -0.452420E+02    0.199515E+01    0.965117E+00    0.178447E+04    0.121293E+02    0.484177E+00
   0.146495E+03    0.258803E+04   -0.263457E+04   -0.465411E+02    0.199694E+01    0.110366E+01    0.178551E+04    0.121317E+02    0.483895E+00
   0.146995E+03    0.255704E+04   -0.259811E+04   -0.410678E+02    0.197303E+01    0.106150E+01    0.178682E+04    0.121346E+02    0.483541E+00
   0.147495E+03    0.263202E+04   -0.266569E+04   -0.336717E+02    0.203088E+01    0.852060E+00    0.178679E+04    0.121346E+02    0.483549E+00
   0.147995E+03    0.257164E+04   -0.260856E+04   -0.369121E+02    0.198429E+01    0.107868E+01    0.178689E+04    0.121348E+02    0.483520E+00
   0.148495E+03    0.254412E+04   -0.258431E+04   -0.401944E+02    0.196305E+01    0.102700E+01    0.178591E+04    0.121326E+02    0.483786E+00
   0.148995E+03    0.257370E+04   -0.260552E+04   -0.318151E+02    0.198588E+01    0.117759E+01    0.178689E+04    0.121348E+02    0.483521E+00
   0.149495E+03    0.258478E+04   -0.262531E+04   -0.405291E+02    0.199443E+01    0.104119E+01    0.178701E+04    0.121351E+02    0.483490E+00
   0.149995E+03    0.259995E+04   -0.264574E+04   -0.457936E+02    0.200613E+01    0.998160E+00    0.178696E+04    0.121350E+02    0.483501E+00
   0.150495E+03    0.261090E+04   -0.265161E+04   -0.407135E+02    0.201458E+01    0.866761E+00    0.178650E+04    0.121339E+02    0.483627E+00
   0.150995E+03    0.259194E+04   -0.264414E+04   -0.521942E+02    0.199996E+01    0.959220E+00    0.178552E+04    0.121317E+02    0.483893E+00
   0.151495E+03    0.260194E+04   -0.264822E+04   -0.462817E+02    0.200767E+01    0.107048E+01    0.178607E+04    0.121330E+02    0.483743E+00
   0.151995E+03    0.261607E+04   -0.266606E+04   -0.499887E+02    0.201858E+01    0.936349E+00    0.178781E+04    0.121369E+02    0.483273E+00
   0.152495E+03    0.258992E+04   -0.263513E+04   -0.452165E+02    0.199839E+01    0.101487E+01    0.178774E+04    0.121367E+02    0.483291E+00
   0.152995E+03    0.264847E+04   -0.268834E+04   -0.398688E+02    0.204357E+01    0.847340E+00    0.178741E+04    0.121360E+02    0.483382E+00
   0.153495E+03    0.264549E+04   -0.267775E+04   -0.322665E+02    0.204127E+01    0.942371E+00    0.178855E+04    0.121386E+02    0.483072E+00
   0.153995E+03    0.259329E+04   -0.263243E+04   -0.391364E+02    0.200100E+01    0.107979E+01    0.178953E+04    0.121408E+02    0.482807E+00
   0.154495E+03    0.256333E+04   -0.261264E+04   -0.493173E+02    0.197788E+01    0.110346E+01    0.178995E+04    0.121417E+02    0.482695E+00
   0.154995E+03    0.257487E+04   -0.261247E+04   -0.376065E+02    0.198678E+01    0.976936E+00    0.178905E+04    0.121397E+02    0.482938E+00
   0.155495E+03    0.262174E+04   -0.265838E+04   -0.366449E+02    0.202295E+01    0.961522E+00    0.178780E+04    0.121369E+02    0.483275E+00
   0.155995E+03    0.259193E+04   -0.264818E+04   -0.562470E+02    0.199995E+01    0.957071E+00    0.178727E+04    0.121357E+02    0.483420E+00
   0.156495E+03    0.261884E+04   -0.267446E+04   -0.556187E+02    0.202071E+01    0.100235E+01    0.178649E+04    0.121339E+02    0.483631E+00
   0.156995E+03    0.258927E+04   -0.265487E+04   -0.655992E+02    0.199789E+01    0.947575E+00    0.178656E+04    0.121341E+02    0.483611E+00
   0.157495E+03    0.252936E+04   -0.258394E+04   -0.545800E+02    0.195167E+01    0.110812E+01    0.178643E+04    0.121338E+02    0.483646E+00
   0.157995E+03    0.261903E+04   -0.267398E+04   -0.549549E+02    0.202085E+01    0.827507E+00    0.178514E+04    0.121308E+02    0.483995E+00
   0.158495E+03    0.258740E+04   -0.263181E+04   -0.444084E+02    0.199645E+01    0.106333E+01    0.178512E+04    0.121308E+02    0.484002E+00
   0.158995E+03    0.259963E+04   -0.264680E+04   -0.471749E+02    0.200589E+01    0.977462E+00    0.178462E+04    0.121297E+02    0.484137E+00
   0.159495E+03    0.259393E+04   -0.264196E+04   -0.480338E+02    0.200149E+01    0.962734E+00    0.178481E+04    0.121301E+02    0.484085E+00
   0.159995E+03    0.257984E+04   -0.261518E+04   -0.353341E+02    0.199062E+01    0.898256E+00    0.178361E+04    0.121274E+02    0.484412E+00
   0.160495E+03    0.259022E+04   -0.263504E+04   -0.448235E+02    0.199862E+01    0.100067E+01    0.178298E+04    0.121260E+02    0.484581E+00
   0.160995E+03    0.259123E+04   -0.263409E+04   -0.428566E+02    0.199941E+01    0.890938E+00    0.178283E+04    0.121256E+02    0.484624E+00
   0.161495E+03    0.260391E+04   -0.266074E+04   -0.568287E+02    0.200919E+01    0.991326E+00    0.178115E+04    0.121218E+02    0.485080E+00
   0.161995E+03    0.256891E+04   -0.262175E+04   -0.528373E+02    0.198219E+01    0.109580E+01    0.178176E+04    0.121232E+02    0.484915E+00
   0.162495E+03    0.253561E+04   -0.258411E+04   -0.485010E+02    0.195649E+01    0.118217E+01    0.178232E+04    0.121244E+02    0.484761E+00
   0.162995E+03    0.258224E+04   -0.263250E+04   -0.502548E+02    0.199247E+01    0.103944E+01    0.178259E+04    0.121251E+02    0.484687E+00
   0.163495E+03    0.264122E+04   -0.269289E+04   -0.516770E+02    0.203798E+01    0.887109E+00    0.178175E+04    0.121231E+02    0.484917E+00
   0.163995E+03    0.256247E+04   -0.260427E+04   -0.417967E+02    0.197722E+01    0.128391E+01    0.178318E+04    0.121264E+02    0.484527E+00
   0.164495E+03    0.259795E+04   -0.263664E+04   -0.386891E+02    0.200459E+01    0.941901E+00    0.178436E+04    0.121291E+02    0.484207E+00
   0.164995E+03    0.260545E+04   -0.265651E+04   -0.510622E+02    0.201038E+01    0.107198E+01    0.178378E+04    0.121277E+02    0.484366E+00
   0.165495E+03    0.254849E+04   -0.259603E+04   -0.475441E+02    0.196643E+01    0.103064E+01    0.178409E+04    0.121285E+02    0.484281E+00
   0.165995E+03    0.260169E+04   -0.264370E+04   -0.420016E+02    0.200748E+01    0.101826E+01    0.178412E+04    0.121285E+02    0.484271E+00
   0.166495E+03    0.258104E+04   -0.262856E+04   -0.475219E+02    0.199154E+01    0.100243E+01    0.178400E+04    0.121282E+02    0.484306E+00
   0.166995E+03    0.257918E+04   -0.262601E+04   -0.468301E+02    0.199011E+01    0.102305E+01    0.178389E+04    0.121280E+02    0.484334E+00
   0.167495E+03    0.262393E+04   -0.268541E+04   -0.614820E+02    0.202464E+01    0.928478E+00    0.178313E+04    0.121263E+02    0.484542E+00
   0.167995E+03    0.261991E+04   -0.267610E+04   -0.561954E+02    0.202153E+01    0.928406E+00    0.178330E+04    0.121267E+02    0.484495E+00
   0.168495E+03    0.263564E+04   -0.270204E+04   -0.663971E+02    0.203368E+01    0.855116E+00    0.178291E+04    0.121258E+02    0.484601E+00
   0.168995E+03    0.258989E+04   -0.265584E+04   -0.659488E+02    0.199837E+01    0.838388E+00    0.178160E+04    0.121228E+02    0.484957E+00
   0.169495E+03    0.255903E+04   -0.262517E+04   -0.661380E+02    0.197456E+01    0.100869E+01    0.177975E+04    0.121186E+02    0.485460E+00
   0.169995E+03    0.258179E+04   -0.264195E+04   -0.601673E+02    0.199212E+01    0.100092E+01    0.178058E+04    0.121205E+02    0.485235E+00
   0.170495E+03    0.254962E+04   -0.260504E+04   -0.554272E+02    0.196730E+01    0.120632E+01    0.178049E+04    0.121203E+02    0.485258E+00
   0.170995E+03    0.255014E+04   -0.259885E+04   -0.487060E+02    0.196770E+01    0.115629E+01    0.178142E+04    0.121224E+02    0.485006E+00
   0.171495E+03    0.261650E+04   -0.266687E+04   -0.503715E+02    0.201891E+01    0.920244E+00    0.178144E+04    0.121224E+02    0.485001E+00
   0.171995E+03    0.259840E+04   -0.266446E+04   -0.660606E+02    0.200494E+01    0.952840E+00    0.178056E+04    0.121204E+02    0.485241E+00
   0.172495E+03    0.258073E+04   -0.264845E+04   -0.677264E+02    0.199130E+01    0.966992E+00    0.177943E+04    0.121179E+02    0.485548E+00
   0.172995E+03    0.257425E+04   -0.262641E+04   -0.521513E+02    0.198631E+01    0.101811E+01    0.177861E+04    0.121160E+02    0.485774E+00
   0.173495E+03    0.265082E+04   -0.269216E+04   -0.413370E+02    0.204539E+01    0.831192E+00    0.177880E+04    0.121165E+02    0.485720E+00
   0.173995E+03    0.257061E+04   -0.262124E+04   -0.506337E+02    0.198350E+01    0.113952E+01    0.177875E+04    0.121164E+02    0.485733E+00
   0.174495E+03    0.260259E+04   -0.265474E+04   -0.521503E+02    0.200817E+01    0.877554E+00    0.177891E+04    0.121167E+02    0.485691E+00
   0.174995E+03    0.260652E+04   -0.264994E+04   -0.434129E+02    0.201121E+01    0.967615E+00    0.177857E+04    0.121159E+02    0.485783E+00
   0.175495E+03    0.261214E+04   -0.265321E+04   -0.410719E+02    0.201554E+01    0.955156E+00    0.177832E+04    0.121154E+02    0.485853E+00
   0.175995E+03    0.258641E+04   -0.262611E+04   -0.397000E+02    0.199569E+01    0.112078E+01    0.177952E+04    0.121181E+02    0.485523E+00
   0.176495E+03    0.260055E+04   -0.264322E+04   -0.426650E+02    0.200660E+01    0.105805E+01    0.178083E+04    0.121211E+02    0.485166E+00
   0.176995E+03    0.254874E+04   -0.259860E+04   -0.498550E+02    0.196662E+01    0.117231E+01    0.178139E+04    0.121223E+02    0.485016E+00
   0.177495E+03    0.262337E+04   -0.267569E+04   -0.523128E+02    0.202421E+01    0.951040E+00    0.178240E+04    0.121246E+02    0.484739E+00
   0.177995E+03    0.259751E+04   -0.265769E+04   -0.601730E+02    0.200425E+01    0.104769E+01    0.178257E+04    0.121250E+02    0.484693E+00
   0.178495E+03    0.259182E+04   -0.264593E+04   -0.541083E+02    0.199986E+01    0.104020E+01    0.178293E+04    0.121258E+02    0.484596E+00
   0.178995E+03    0.256622E+04   -0.261801E+04   -0.517927E+02    0.198010E+01    0.106696E+01    0.178293E+04    0.121258E+02    0.484596E+00
   0.179495E+03    0.257487E+04   -0.261206E+04   -0.371840E+02    0.198678E+01    0.109551E+01    0.178386E+04    0.121279E+02    0.484343E+00
   0.179995E+03    0.258644E+04   -0.262359E+04   -0.371517E+02    0.199571E+01    0.100904E+01    0.178325E+04    0.121265E+02    0.484510E+00
   0.180495E+03    0.257283E+04   -0.261623E+04   -0.434003E+02    0.198521E+01    0.108675E+01    0.178260E+04    0.121251E+02    0.484684E+00
   0.180995E+03    0.265725E+04   -0.270489E+04   -0.476457E+02    0.205034E+01    0.856199E+00    0.178347E+04    0.121271E+02    0.484449E+00
   0.181495E+03    0.264694E+04   -0.270134E+04   -0.543917E+02    0.204239E+01    0.819011E+00    0.178331E+04    0.121267E+02    0.484491E+00
   0.181995E+03    0.257290E+04   -0.263159E+04   -0.586904E+02    0.198526E+01    0.959513E+00    0.178192E+04    0.121235E+02    0.484871E+00
   0.182495E+03    0.259391E+04   -0.265158E+04   -0.576685E+02    0.200147E+01    0.101750E+01    0.178212E+04    0.121240E+02    0.484816E+00
   0.182995E+03    0.261615E+04   -0.267817E+04   -0.620230E+02    0.201863E+01    0.976424E+00    0.178125E+04    0.121220E+02    0.485053E+00
   0.183495E+03    0.261117E+04   -0.267276E+04   -0.615951E+02    0.201479E+01    0.900973E+00    0.178089E+04    0.121212E+02    0.485150E+00
   0.183995E+03    0.262252E+04   -0.268856E+04   -0.660351E+02    0.202355E+01    0.892095E+00    0.178081E+04    0.121210E+02    0.485174E+00
   0.184495E+03    0.256512E+04   -0.262179E+04   -0.566726E+02    0.197926E+01    0.976182E+00    0.178000E+04    0.121192E+02    0.485393E+00
   0.184995E+03    0.254136E+04   -0.259307E+04   -0.517080E+02    0.196093E+01    0.121261E+01    0.178100E+04    0.121214E+02    0.485121E+00
   0.185495E+03    0.259724E+04   -0.265588E+04   -0.586371E+02    0.200404E+01    0.101672E+01    0.178063E+04    0.121206E+02    0.485221E+00
   0.185995E+03    0.258014E+04   -0.264055E+04   -0.604128E+02    0.199085E+01    0.968186E+00    0.177975E+04    0.121186E+02    0.485460E+00
   0.186495E+03    0.258011E+04   -0.262524E+04   -0.451255E+02    0.199083E+01    0.107286E+01    0.177964E+04    0.121184E+02    0.485491E+00
   0.186995E+03    0.261623E+04   -0.265317E+04   -0.369402E+02    0.201869E+01    0.995185E+00    0.178115E+04    0.121218E+02    0.485081E+00
   0.187495E+03    0.259536E+04   -0.263533E+04   -0.399664E+02    0.200260E+01    0.101964E+01    0.178194E+04    0.121236E+02    0.484864E+00
   0.187995E+03    0.257848E+04   -0.262677E+04   -0.482830E+02    0.198957E+01    0.107930E+01    0.178222E+04    0.121242E+02    0.484790E+00
   0.188495E+03    0.261446E+04   -0.267402E+04   -0.595615E+02    0.201733E+01    0.820238E+00    0.178176E+04    0.121232E+02    0.484913E+00
   0.188995E+03    0.260664E+04   -0.265826E+04   -0.516156E+02    0.201130E+01    0.103147E+01    0.178208E+04    0.121239E+02    0.484826E+00
   0.189495E+03    0.257213E+04   -0.262898E+04   -0.568554E+02    0.198466E+01    0.106583E+01    0.178317E+04    0.121264E+02    0.484532E+00
   0.189995E+03    0.263295E+04   -0.268900E+04   -0.560518E+02    0.203160E+01    0.866119E+00    0.178275E+04    0.121254E+02    0.484645E+00
   0.190495E+03    0.258883E+04   -0.264775E+04   -0.589265E+02    0.199755E+01    0.105759E+01    0.178177E+04    0.121232E+02    0.484911E+00
   0.190995E+03    0.255160E+04   -0.260502E+04   -0.534188E+02    0.196883E+01    0.109009E+01    0.178124E+04    0.121220E+02    0.485056E+00
   0.191495E+03    0.256610E+04   -0.261691E+04   -0.508072E+02    0.198001E+01    0.977118E+00    0.178074E+04    0.121209E+02    0.485190E+00
   0.191995E+03    0.263368E+04   -0.268666E+04   -0.529802E+02    0.203216E+01    0.889263E+00    0.178028E+04    0.121198E+02    0.485316E+00
   0.192495E+03    0.252998E+04   -0.258875E+04   -0.587715E+02    0.195215E+01    0.116891E+01    0.178025E+04    0.121197E+02    0.485325E+00
   0.192995E+03    0.259825E+04   -0.264977E+04   -0.515284E+02    0.200482E+01    0.981311E+00    0.178081E+04    0.121210E+02    0.485172E+00
   0.193495E+03    0.261780E+04   -0.267403E+04   -0.562350E+02    0.201991E+01    0.948580E+00    0.178067E+04    0.121207E+02    0.485210E+00
   0.193995E+03    0.259869E+04   -0.265889E+04   -0.602006E+02    0.200516E+01    0.987395E+00    0.178082E+04    0.121210E+02    0.485169E+00
   0.194495E+03    0.259067E+04   -0.263876E+04   -0.480893E+02    0.199898E+01    0.102987E+01    0.178198E+04    0.121237E+02    0.484853E+00
   0.194995E+03    0.254813E+04   -0.259740E+04   -0.492686E+02    0.196615E+01    0.106512E+01    0.178217E+04    0.121241E+02    0.484802E+00
   0.195495E+03    0.253183E+04   -0.256852E+04   -0.366916E+02    0.195357E+01    0.115678E+01    0.178242E+04    0.121247E+02    0.484735E+00
   0.195995E+03    0.254336E+04   -0.256713E+04   -0.237744E+02    0.196247E+01    0.114440E+01    0.178326E+04    0.121266E+02    0.484507E+00
   0.196495E+03    0.258159E+04   -0.260464E+04   -0.230500E+02    0.199197E+01    0.105489E+01    0.178361E+04    0.121274E+02    0.484412E+00
   0.196995E+03    0.264360E+04   -0.267475E+04   -0.311550E+02    0.203981E+01    0.811109E+00    0.178317E+04    0.121264E+02    0.484530E+00
   0.197495E+03    0.259559E+04   -0.263316E+04   -0.375779E+02    0.200277E+01    0.110755E+01    0.178360E+04    0.121273E+02    0.484415E+00
   0.197995E+03    0.256778E+04   -0.260341E+04   -0.356346E+02    0.198131E+01    0.110843E+01    0.178394E+04    0.121281E+02    0.484320E+00
   0.198495E+03    0.260941E+04   -0.264966E+04   -0.402493E+02    0.201343E+01    0.850681E+00    0.178392E+04    0.121281E+02    0.484326E+00
   0.198995E+03    0.256370E+04   -0.259739E+04   -0.336905E+02    0.197816E+01    0.114808E+01    0.178391E+04    0.121281E+02    0.484329E+00
   0.199495E+03    0.261948E+04   -0.264516E+04   -0.256781E+02    0.202121E+01    0.898260E+00    0.178520E+04    0.121310E+02    0.483979E+00
   0.199995E+03    0.259473E+04   -0.263251E+04   -0.377809E+02    0.200211E+01    0.994783E+00    0.178417E+04    0.121286E+02    0.484260E+00
   0.200495E+03    0.255818E+04   -0.259865E+04   -0.404714E+02    0.197390E+01    0.101793E+01    0.178402E+04    0.121283E+02    0.484298E+00
   0.200995E+03    0.261889E+04   -0.264803E+04   -0.291367E+02    0.202075E+01    0.100825E+01    0.178419E+04    0.121287E+02    0.484254E+00
   0.201495E+03    0.256170E+04   -0.259853E+04   -0.368221E+02    0.197662E+01    0.977839E+00    0.178364E+04    0.121274E+02    0.484402E+00
   0.201995E+03    0.263674E+04   -0.266530E+04   -0.285638E+02    0.203452E+01    0.880790E+00    0.178400E+04    0.121283E+02    0.484304E+00
   0.202495E+03    0.260814E+04   -0.263322E+04   -0.250715E+02    0.201246E+01    0.987834E+00    0.178409E+04    0.121285E+02    0.484280E+00
   0.202995E+03    0.267559E+04   -0.271063E+04   -0.350360E+02    0.206450E+01    0.811475E+00    0.178438E+04    0.121291E+02    0.484202E+00
   0.203495E+03    0.259436E+04   -0.264185E+04   -0.474940E+02    0.200182E+01    0.101540E+01    0.178443E+04    0.121292E+02    0.484189E+00
   0.203995E+03    0.262094E+04   -0.267176E+04   -0.508152E+02    0.202233E+01    0.882146E+00    0.178485E+04    0.121302E+02    0.484075E+00
   0.204495E+03    0.259293E+04   -0.263210E+04   -0.391786E+02    0.200071E+01    0.103656E+01    0.178522E+04    0.121310E+02    0.483974E+00
   0.204995E+03    0.257759E+04   -0.262323E+04   -0.456375E+02    0.198888E+01    0.103390E+01    0.178538E+04    0.121314E+02    0.483929E+00
   0.205495E+03    0.256125E+04   -0.260585E+04   -0.445991E+02    0.197627E+01    0.105973E+01    0.178482E+04    0.121301E+02    0.484083E+00
   0.205995E+03    0.258213E+04   -0.262337E+04   -0.412404E+02    0.199238E+01    0.103619E+01    0.178434E+04    0.121290E+02    0.484213E+00
   0.206495E+03    0.258144E+04   -0.262504E+04   -0.435998E+02    0.199185E+01    0.956644E+00    0.178372E+04    0.121276E+02    0.484381E+00
   0.206995E+03    0.262447E+04   -0.266667E+04   -0.422029E+02    0.202505E+01    0.858001E+00    0.178371E+04    0.121276E+02    0.484384E+00
   0.207495E+03    0.259629E+04   -0.264593E+04   -0.496459E+02    0.200331E+01    0.103975E+01    0.178318E+04    0.121264E+02    0.484526E+00
   0.207995E+03    0.259887E+04   -0.265203E+04   -0.531549E+02    0.200530E+01    0.914976E+00    0.178280E+04    0.121255E+02    0.484630E+00
   0.208495E+03    0.254998E+04   -0.260024E+04   -0.502598E+02    0.196758E+01    0.114229E+01    0.178171E+04    0.121231E+02    0.484929E+00
   0.208995E+03    0.259804E+04   -0.266254E+04   -0.645008E+02    0.200466E+01    0.965465E+00    0.178188E+04    0.121234E+02    0.484882E+00
   0.209495E+03    0.254604E+04   -0.260301E+04   -0.569646E+02    0.196454E+01    0.119999E+01    0.178319E+04    0.121264E+02    0.484525E+00
   0.209995E+03    0.261181E+04   -0.267064E+04   -0.588309E+02    0.201529E+01    0.894130E+00    0.178253E+04    0.121249E+02    0.484705E+00
   0.210495E+03    0.259823E+04   -0.267066E+04   -0.724304E+02    0.200481E+01    0.911962E+00    0.178075E+04    0.121209E+02    0.485189E+00
   0.210995E+03    0.259458E+04   -0.265805E+04   -0.634763E+02    0.200199E+01    0.104125E+01    0.178049E+04    0.121203E+02    0.485260E+00
   0.211495E+03    0.253878E+04   -0.259892E+04   -0.601331E+02    0.195894E+01    0.122583E+01    0.178108E+04    0.121216E+02    0.485099E+00
   0.211995E+03    0.262818E+04   -0.268026E+04   -0.520778E+02    0.202792E+01    0.876814E+00    0.178135E+04    0.121222E+02    0.485025E+00
   0.212495E+03    0.259301E+04   -0.263136E+04   -0.383477E+02    0.200078E+01    0.995608E+00    0.178210E+04    0.121239E+02    0.484821E+00
   0.212995E+03    0.265052E+04   -0.268739E+04   -0.368732E+02    0.204515E+01    0.834974E+00    0.178211E+04    0.121240E+02    0.484819E+00
   0.213495E+03    0.258194E+04   -0.261535E+04   -0.334099E+02    0.199224E+01    0.110563E+01    0.178274E+04    0.121254E+02    0.484648E+00
   0.213995E+03    0.262237E+04   -0.266299E+04   -0.406221E+02    0.202343E+01    0.938173E+00    0.178322E+04    0.121265E+02    0.484516E+00
   0.214495E+03    0.256820E+04   -0.261600E+04   -0.477997E+02    0.198163E+01    0.996517E+00    0.178250E+04    0.121249E+02    0.484712E+00
   0.214995E+03    0.261052E+04   -0.265317E+04   -0.426469E+02    0.201429E+01    0.909851E+00    0.178208E+04    0.121239E+02    0.484827E+00
   0.215495E+03    0.260973E+04   -0.265021E+04   -0.404756E+02    0.201368E+01    0.966076E+00    0.178234E+04    0.121245E+02    0.484757E+00
   0.215995E+03    0.258365E+04   -0.262401E+04   -0.403604E+02    0.199356E+01    0.100576E+01    0.178309E+04    0.121262E+02    0.484553E+00
   0.216495E+03    0.257838E+04   -0.260557E+04   -0.271908E+02    0.198949E+01    0.105765E+01    0.178372E+04    0.121276E+02    0.484380E+00
   0.216995E+03    0.264979E+04   -0.268433E+04   -0.345391E+02    0.204459E+01    0.730876E+00    0.178214E+04    0.121240E+02    0.484810E+00
   0.217495E+03    0.258060E+04   -0.261439E+04   -0.337962E+02    0.199120E+01    0.107664E+01    0.178187E+04    0.121234E+02    0.484884E+00
   0.217995E+03    0.260871E+04   -0.264846E+04   -0.397455E+02    0.201289E+01    0.101468E+01    0.178253E+04    0.121249E+02    0.484703E+00
   0.218495E+03    0.261491E+04   -0.265926E+04   -0.443515E+02    0.201768E+01    0.964712E+00    0.178384E+04    0.121279E+02    0.484347E+00
   0.218995E+03    0.259320E+04   -0.264618E+04   -0.529854E+02    0.200092E+01    0.946427E+00    0.178283E+04    0.121256E+02    0.484624E+00
   0.219495E+03    0.255372E+04   -0.257930E+04   -0.255841E+02    0.197046E+01    0.104053E+01    0.178252E+04    0.121249E+02    0.484707E+00
   0.219995E+03    0.258777E+04   -0.261085E+04   -0.230816E+02    0.199673E+01    0.108725E+01    0.178445E+04    0.121293E+02    0.484182E+00
   0.220495E+03    0.261887E+04   -0.265468E+04   -0.358123E+02    0.202073E+01    0.959923E+00    0.178536E+04    0.121313E+02    0.483936E+00
   0.220995E+03    0.261680E+04   -0.266336E+04   -0.465646E+02    0.201913E+01    0.885268E+00    0.178489E+04    0.121303E+02    0.484064E+00
   0.221495E+03    0.262071E+04   -0.266893E+04   -0.482143E+02    0.202216E+01    0.925516E+00    0.178465E+04    0.121297E+02    0.484128E+00
   0.221995E+03    0.254543E+04   -0.259158E+04   -0.461469E+02    0.196407E+01    0.107479E+01    0.178389E+04    0.121280E+02    0.484335E+00
   0.222495E+03    0.261454E+04   -0.266675E+04   -0.522088E+02    0.201739E+01    0.961299E+00    0.178353E+04    0.121272E+02    0.484431E+00
   0.222995E+03    0.259473E+04   -0.265103E+04   -0.563017E+02    0.200211E+01    0.987761E+00    0.178392E+04    0.121281E+02    0.484326E+00
   0.223495E+03    0.257671E+04   -0.262394E+04   -0.472253E+02    0.198820E+01    0.105203E+01    0.178420E+04    0.121287E+02    0.484250E+00
   0.223995E+03    0.261293E+04   -0.267023E+04   -0.572994E+02    0.201615E+01    0.101289E+01    0.178463E+04    0.121297E+02    0.484134E+00
   0.224495E+03    0.258642E+04   -0.265508E+04   -0.686625E+02    0.199569E+01    0.105674E+01    0.178354E+04    0.121272E+02    0.484429E+00
   0.224995E+03    0.256055E+04   -0.263045E+04   -0.699015E+02    0.197573E+01    0.103002E+01    0.178347E+04    0.121271E+02    0.484448E+00
   0.225495E+03    0.255719E+04   -0.262247E+04   -0.652881E+02    0.197314E+01    0.105957E+01    0.178299E+04    0.121260E+02    0.484580E+00
   0.225995E+03    0.255275E+04   -0.261441E+04   -0.616653E+02    0.196971E+01    0.115060E+01    0.178318E+04    0.121264E+02    0.484527E+00
   0.226495E+03    0.257279E+04   -0.262887E+04   -0.560715E+02    0.198518E+01    0.102567E+01    0.178291E+04    0.121258E+02    0.484601E+00
   0.226995E+03    0.260379E+04   -0.264279E+04   -0.390011E+02    0.200910E+01    0.910152E+00    0.178316E+04    0.121264E+02    0.484533E+00
   0.227495E+03    0.258737E+04   -0.263761E+04   -0.502359E+02    0.199643E+01    0.100038E+01    0.178333E+04    0.121267E+02    0.484488E+00
   0.227995E+03    0.260642E+04   -0.264773E+04   -0.413123E+02    0.201113E+01    0.947522E+00    0.178357E+04    0.121273E+02    0.484421E+00
   0.228495E+03    0.258581E+04   -0.262702E+04   -0.412024E+02    0.199523E+01    0.975537E+00    0.178401E+04    0.121283E+02    0.484303E+00
   0.228995E+03    0.260340E+04   -0.263707E+04   -0.336703E+02    0.200880E+01    0.974814E+00    0.178391E+04    0.121281E+02    0.484329E+00
   0.229495E+03    0.261659E+04   -0.266076E+04   -0.441756E+02    0.201897E+01    0.943821E+00    0.178367E+04    0.121275E+02    0.484395E+00
   0.229995E+03    0.258544E+04   -0.263318E+04   -0.477338E+02    0.199494E+01    0.107023E+01    0.178390E+04    0.121280E+02    0.484332E+00
   0.230495E+03    0.261822E+04   -0.266647E+04   -0.482457E+02    0.202023E+01    0.903684E+00    0.178402E+04    0.121283E+02    0.484301E+00
   0.230995E+03    0.256988E+04   -0.263156E+04   -0.616817E+02    0.198293E+01    0.911783E+00    0.178130E+04    0.121221E+02    0.485038E+00
   0.231495E+03    0.259717E+04   -0.265688E+04   -0.597112E+02    0.200399E+01    0.930705E+00    0.178002E+04    0.121192E+02    0.485387E+00
   0.231995E+03    0.261171E+04   -0.265405E+04   -0.423421E+02    0.201521E+01    0.884931E+00    0.178009E+04    0.121194E+02    0.485370E+00
   0.232495E+03    0.256088E+04   -0.260486E+04   -0.439854E+02    0.197599E+01    0.114932E+01    0.178033E+04    0.121199E+02    0.485304E+00
   0.232995E+03    0.266488E+04   -0.270880E+04   -0.439290E+02    0.205623E+01    0.838756E+00    0.178114E+04    0.121218E+02    0.485083E+00
   0.233495E+03    0.257873E+04   -0.262159E+04   -0.428585E+02    0.198976E+01    0.106699E+01    0.178089E+04    0.121212E+02    0.485151E+00
   0.233995E+03    0.260794E+04   -0.267526E+04   -0.673228E+02    0.201230E+01    0.103720E+01    0.178157E+04    0.121227E+02    0.484967E+00
   0.234495E+03    0.257768E+04   -0.266379E+04   -0.861189E+02    0.198895E+01    0.100110E+01    0.178162E+04    0.121229E+02    0.484952E+00
   0.234995E+03    0.254630E+04   -0.260878E+04   -0.624752E+02    0.196474E+01    0.114077E+01    0.178108E+04    0.121216E+02    0.485099E+00
   0.235495E+03    0.263365E+04   -0.269170E+04   -0.580470E+02    0.203214E+01    0.880704E+00    0.178218E+04    0.121241E+02    0.484798E+00
   0.235995E+03    0.262758E+04   -0.268752E+04   -0.599434E+02    0.202745E+01    0.931792E+00    0.178272E+04    0.121253E+02    0.484653E+00
   0.236495E+03    0.259762E+04   -0.264839E+04   -0.507626E+02    0.200434E+01    0.935857E+00    0.178252E+04    0.121249E+02    0.484706E+00
   0.236995E+03    0.256800E+04   -0.261016E+04   -0.421516E+02    0.198148E+01    0.102139E+01    0.178292E+04    0.121258E+02    0.484600E+00
   0.237495E+03    0.258033E+04   -0.262991E+04   -0.495839E+02    0.199099E+01    0.105187E+01    0.178224E+04    0.121243E+02    0.484785E+00
   0.237995E+03    0.258639E+04   -0.263128E+04   -0.448890E+02    0.199567E+01    0.965903E+00    0.178215E+04    0.121241E+02    0.484808E+00
   0.238495E+03    0.261867E+04   -0.265951E+04   -0.408379E+02    0.202058E+01    0.103769E+01    0.178313E+04    0.121263E+02    0.484542E+00
   0.238995E+03    0.254605E+04   -0.257136E+04   -0.253085E+02    0.196455E+01    0.123011E+01    0.178463E+04    0.121297E+02    0.484134E+00
   0.239495E+03    0.260497E+04   -0.263911E+04   -0.341378E+02    0.201001E+01    0.107798E+01    0.178530E+04    0.121312E+02    0.483953E+00
   0.239995E+03    0.260125E+04   -0.263177E+04   -0.305205E+02    0.200714E+01    0.979723E+00    0.178651E+04    0.121339E+02    0.483623E+00
   0.240495E+03    0.258812E+04   -0.263002E+04   -0.418973E+02    0.199701E+01    0.970617E+00    0.178502E+04    0.121306E+02    0.484028E+00
   0.240995E+03    0.252310E+04   -0.255414E+04   -0.310328E+02    0.194684E+01    0.112584E+01    0.178537E+04    0.121314E+02    0.483933E+00
   0.241495E+03    0.260148E+04   -0.263139E+04   -0.299147E+02    0.200731E+01    0.972589E+00    0.178614E+04    0.121331E+02    0.483725E+00
   0.241995E+03    0.260483E+04   -0.265277E+04   -0.479394E+02    0.200990E+01    0.103089E+01    0.178519E+04    0.121309E+02    0.483982E+00
   0.242495E+03    0.260617E+04   -0.265214E+04   -0.459719E+02    0.201093E+01    0.988442E+00    0.178517E+04    0.121309E+02    0.483987E+00
   0.242995E+03    0.258653E+04   -0.262140E+04   -0.348731E+02    0.199578E+01    0.952890E+00    0.178463E+04    0.121297E+02    0.484134E+00
   0.243495E+03    0.259497E+04   -0.263025E+04   -0.352732E+02    0.200229E+01    0.105069E+01    0.178479E+04    0.121300E+02    0.484090E+00
   0.243995E+03    0.260659E+04   -0.265741E+04   -0.508182E+02    0.201126E+01    0.975042E+00    0.178431E+04    0.121290E+02    0.484220E+00
   0.244495E+03    0.256769E+04   -0.261483E+04   -0.471411E+02    0.198124E+01    0.112441E+01    0.178545E+04    0.121315E+02    0.483913E+00
   0.244995E+03    0.256471E+04   -0.260941E+04   -0.446990E+02    0.197894E+01    0.105129E+01    0.178569E+04    0.121321E+02    0.483847E+00
   0.245495E+03    0.257685E+04   -0.262380E+04   -0.469510E+02    0.198831E+01    0.108506E+01    0.178499E+04    0.121305E+02    0.484038E+00
   0.245995E+03    0.254946E+04   -0.260256E+04   -0.530932E+02    0.196718E+01    0.115184E+01    0.178519E+04    0.121310E+02    0.483982E+00
   0.246495E+03    0.265850E+04   -0.271937E+04   -0.608663E+02    0.205131E+01    0.806149E+00    0.178529E+04    0.121312E+02    0.483956E+00
   0.246995E+03    0.257862E+04   -0.264076E+04   -0.621401E+02    0.198968E+01    0.932224E+00    0.178441E+04    0.121292E+02    0.484193E+00
   0.247495E+03    0.260831E+04   -0.265950E+04   -0.511910E+02    0.201259E+01    0.988447E+00    0.178469E+04    0.121298E+02    0.484117E+00
   0.247995E+03    0.259634E+04   -0.264918E+04   -0.528456E+02    0.200335E+01    0.841636E+00    0.178416E+04    0.121286E+02    0.484262E+00
   0.248495E+03    0.258972E+04   -0.265057E+04   -0.608487E+02    0.199824E+01    0.940492E+00    0.178202E+04    0.121238E+02    0.484842E+00
   0.248995E+03    0.259091E+04   -0.266685E+04   -0.759347E+02    0.199916E+01    0.104082E+01    0.178128E+04    0.121221E+02    0.485043E+00
   0.249495E+03    0.259645E+04   -0.266045E+04   -0.640022E+02    0.200344E+01    0.893676E+00    0.178035E+04    0.121200E+02    0.485297E+00
   0.249995E+03    0.261451E+04   -0.267846E+04   -0.639496E+02    0.201737E+01    0.909462E+00    0.177962E+04    0.121183E+02    0.485497E+00
   0.250495E+03    0.254458E+04   -0.259954E+04   -0.549554E+02    0.196341E+01    0.117059E+01    0.177919E+04    0.121173E+02    0.485614E+00
   0.250995E+03    0.255808E+04   -0.261067E+04   -0.525868E+02    0.197383E+01    0.112946E+01    0.177893E+04    0.121167E+02    0.485686E+00
   0.251495E+03    0.263160E+04   -0.268586E+04   -0.542584E+02    0.203056E+01    0.101050E+01    0.178037E+04    0.121200E+02    0.485292E+00
   0.251995E+03    0.261224E+04   -0.267783E+04   -0.655880E+02    0.201562E+01    0.105022E+01    0.178153E+04    0.121227E+02    0.484975E+00
   0.252495E+03    0.258162E+04   -0.264811E+04   -0.664918E+02    0.199199E+01    0.115598E+01    0.178298E+04    0.121259E+02    0.484582E+00
   0.252995E+03    0.257811E+04   -0.263417E+04   -0.560633E+02    0.198928E+01    0.103729E+01    0.178354E+04    0.121272E+02    0.484430E+00
   0.253495E+03    0.255816E+04   -0.260712E+04   -0.489599E+02    0.197389E+01    0.106210E+01    0.178385E+04    0.121279E+02    0.484345E+00
   0.253995E+03    0.259613E+04   -0.264672E+04   -0.505882E+02    0.200319E+01    0.114434E+01    0.178473E+04    0.121299E+02    0.484107E+00
   0.254495E+03    0.260310E+04   -0.266378E+04   -0.606785E+02    0.200856E+01    0.854455E+00    0.178376E+04    0.121277E+02    0.484369E+00
   0.254995E+03    0.262239E+04   -0.267269E+04   -0.503033E+02    0.202345E+01    0.844970E+00    0.178474E+04    0.121299E+02    0.484103E+00
   0.255495E+03    0.261217E+04   -0.266890E+04   -0.567322E+02    0.201556E+01    0.952017E+00    0.178429E+04    0.121289E+02    0.484226E+00
   0.255995E+03    0.257095E+04   -0.262207E+04   -0.511255E+02    0.198376E+01    0.101121E+01    0.178420E+04    0.121287E+02    0.484250E+00
   0.256495E+03    0.256062E+04   -0.261597E+04   -0.553559E+02    0.197579E+01    0.111381E+01    0.178400E+04    0.121283E+02    0.484304E+00
   0.256995E+03    0.260334E+04   -0.266369E+04   -0.603422E+02    0.200875E+01    0.103615E+01    0.178396E+04    0.121282E+02    0.484316E+00
   0.257495E+03    0.255380E+04   -0.260112E+04   -0.473114E+02    0.197053E+01    0.107040E+01    0.178460E+04    0.121296E+02    0.484142E+00
   0.257995E+03    0.259123E+04   -0.262954E+04   -0.383177E+02    0.199940E+01    0.990806E+00    0.178564E+04    0.121320E+02    0.483860E+00
   0.258495E+03    0.261053E+04   -0.264667E+04   -0.361333E+02    0.201430E+01    0.934985E+00    0.178561E+04    0.121319E+02    0.483868E+00
   0.258995E+03    0.261540E+04   -0.265450E+04   -0.390947E+02    0.201806E+01    0.945427E+00    0.178556E+04    0.121318E+02    0.483883E+00
   0.259495E+03    0.258284E+04   -0.262166E+04   -0.388141E+02    0.199293E+01    0.954363E+00    0.178514E+04    0.121308E+02    0.483995E+00
   0.259995E+03    0.259300E+04   -0.263228E+04   -0.392788E+02    0.200077E+01    0.102770E+01    0.178486E+04    0.121302E+02    0.484070E+00
   0.260495E+03    0.255097E+04   -0.259172E+04   -0.407495E+02    0.196834E+01    0.113118E+01    0.178500E+04    0.121305E+02    0.484033E+00
   0.260995E+03    0.255867E+04   -0.259320E+04   -0.345292E+02    0.197428E+01    0.105230E+01    0.178409E+04    0.121284E+02    0.484281E+00
   0.261495E+03    0.258569E+04   -0.261901E+04   -0.333178E+02    0.199513E+01    0.105221E+01    0.178388E+04    0.121280E+02    0.484337E+00
   0.261995E+03    0.259648E+04   -0.263906E+04   -0.425844E+02    0.200346E+01    0.872941E+00    0.178342E+04    0.121269E+02    0.484463E+00
   0.262495E+03    0.263143E+04   -0.267905E+04   -0.476233E+02    0.203042E+01    0.880465E+00    0.178290E+04    0.121258E+02    0.484604E+00
   0.262995E+03    0.253476E+04   -0.258349E+04   -0.487366E+02    0.195583E+01    0.111392E+01    0.178143E+04    0.121224E+02    0.485003E+00
   0.263495E+03    0.260935E+04   -0.265299E+04   -0.436348E+02    0.201339E+01    0.911973E+00    0.178166E+04    0.121230E+02    0.484940E+00
   0.263995E+03    0.260633E+04   -0.266099E+04   -0.546596E+02    0.201106E+01    0.977675E+00    0.178141E+04    0.121224E+02    0.485009E+00
   0.264495E+03    0.253861E+04   -0.258355E+04   -0.449342E+02    0.195881E+01    0.108830E+01    0.178168E+04    0.121230E+02    0.484937E+00
   0.264995E+03    0.260143E+04   -0.263232E+04   -0.308904E+02    0.200727E+01    0.101002E+01    0.178227E+04    0.121243E+02    0.484774E+00
   0.265495E+03    0.260105E+04   -0.263770E+04   -0.366447E+02    0.200699E+01    0.102224E+01    0.178156E+04    0.121227E+02    0.484968E+00
   0.265995E+03    0.260571E+04   -0.264858E+04   -0.428636E+02    0.201058E+01    0.102519E+01    0.178218E+04    0.121241E+02    0.484800E+00
   0.266495E+03    0.257171E+04   -0.261687E+04   -0.451581E+02    0.198435E+01    0.105474E+01    0.178215E+04    0.121241E+02    0.484808E+00
   0.266995E+03    0.258020E+04   -0.262755E+04   -0.473524E+02    0.199089E+01    0.105294E+01    0.178216E+04    0.121241E+02    0.484805E+00
   0.267495E+03    0.260225E+04   -0.264742E+04   -0.451605E+02    0.200791E+01    0.909447E+00    0.178300E+04    0.121260E+02    0.484578E+00
   0.267995E+03    0.262343E+04   -0.267318E+04   -0.497569E+02    0.202425E+01    0.846452E+00    0.178189E+04    0.121235E+02    0.484880E+00
   0.268495E+03    0.258891E+04   -0.262715E+04   -0.382421E+02    0.199762E+01    0.107373E+01    0.178321E+04    0.121265E+02    0.484521E+00
   0.268995E+03    0.260094E+04   -0.265381E+04   -0.528724E+02    0.200690E+01    0.891287E+00    0.178177E+04    0.121232E+02    0.484911E+00
   0.269495E+03    0.256460E+04   -0.261354E+04   -0.489422E+02    0.197886E+01    0.114997E+01    0.178160E+04    0.121228E+02    0.484957E+00
   0.269995E+03    0.259439E+04   -0.264954E+04   -0.551495E+02    0.200185E+01    0.103918E+01    0.178181E+04    0.121233E+02    0.484901E+00
   0.270495E+03    0.260158E+04   -0.265756E+04   -0.559812E+02    0.200739E+01    0.957863E+00    0.178212E+04    0.121240E+02    0.484816E+00
   0.270995E+03    0.260945E+04   -0.266257E+04   -0.531144E+02    0.201347E+01    0.977790E+00    0.178203E+04    0.121238E+02    0.484840E+00
   0.271495E+03    0.258638E+04   -0.264210E+04   -0.557162E+02    0.199567E+01    0.964048E+00    0.178223E+04    0.121242E+02    0.484785E+00
   0.271995E+03    0.257630E+04   -0.264496E+04   -0.686537E+02    0.198789E+01    0.994964E+00    0.178140E+04    0.121223E+02    0.485013E+00
   0.272495E+03    0.261848E+04   -0.268172E+04   -0.632383E+02    0.202043E+01    0.109604E+01    0.178275E+04    0.121254E+02    0.484643E+00
   0.272995E+03    0.253900E+04   -0.260918E+04   -0.701754E+02    0.195911E+01    0.113422E+01    0.178277E+04    0.121255E+02    0.484639E+00
   0.273495E+03    0.259414E+04   -0.266113E+04   -0.669842E+02    0.200165E+01    0.904352E+00    0.178163E+04    0.121229E+02    0.484950E+00
   0.273995E+03    0.262657E+04   -0.267125E+04   -0.446784E+02    0.202667E+01    0.836055E+00    0.178201E+04    0.121237E+02    0.484845E+00
   0.274495E+03    0.262376E+04   -0.267123E+04   -0.474754E+02    0.202450E+01    0.881896E+00    0.178199E+04    0.121237E+02    0.484851E+00
   0.274995E+03    0.257895E+04   -0.263202E+04   -0.530694E+02    0.198993E+01    0.111553E+01    0.178251E+04    0.121249E+02    0.484710E+00
   0.275495E+03    0.254548E+04   -0.258484E+04   -0.393547E+02    0.196411E+01    0.119956E+01    0.178319E+04    0.121264E+02    0.484524E+00
   0.275995E+03    0.258721E+04   -0.263438E+04   -0.471715E+02    0.199630E+01    0.101477E+01    0.178238E+04    0.121246E+02    0.484744E+00
   0.276495E+03    0.262329E+04   -0.267395E+04   -0.506600E+02    0.202414E+01    0.971479E+00    0.178272E+04    0.121254E+02    0.484652E+00
   0.276995E+03    0.257502E+04   -0.262110E+04   -0.460774E+02    0.198690E+01    0.967584E+00    0.178259E+04    0.121251E+02    0.484688E+00
   0.277495E+03    0.256704E+04   -0.260757E+04   -0.405227E+02    0.198074E+01    0.104893E+01    0.178053E+04    0.121204E+02    0.485248E+00
   0.277995E+03    0.262986E+04   -0.267866E+04   -0.488001E+02    0.202921E+01    0.871211E+00    0.178052E+04    0.121204E+02    0.485253E+00
   0.278495E+03    0.258661E+04   -0.265065E+04   -0.640476E+02    0.199584E+01    0.103514E+01    0.178024E+04    0.121197E+02    0.485327E+00
   0.278995E+03    0.257562E+04   -0.264841E+04   -0.727928E+02    0.198736E+01    0.113269E+01    0.177995E+04    0.121191E+02    0.485406E+00
   0.279495E+03    0.259446E+04   -0.267222E+04   -0.777539E+02    0.200190E+01    0.958890E+00    0.178084E+04    0.121211E+02    0.485165E+00
   0.279995E+03    0.258335E+04   -0.264558E+04   -0.622307E+02    0.199332E+01    0.102359E+01    0.178078E+04    0.121209E+02    0.485182E+00
   0.280495E+03    0.259243E+04   -0.265276E+04   -0.603316E+02    0.200033E+01    0.925871E+00    0.178129E+04    0.121221E+02    0.485042E+00
   0.280995E+03    0.261411E+04   -0.267570E+04   -0.615821E+02    0.201706E+01    0.814355E+00    0.178074E+04    0.121209E+02    0.485193E+00
   0.281495E+03    0.259243E+04   -0.264508E+04   -0.526471E+02    0.200033E+01    0.105901E+01    0.178016E+04    0.121195E+02    0.485350E+00
   0.281995E+03    0.257706E+04   -0.262101E+04   -0.439569E+02    0.198847E+01    0.992237E+00    0.178073E+04    0.121208E+02    0.485194E+00
   0.282495E+03    0.263456E+04   -0.268502E+04   -0.504589E+02    0.203284E+01    0.864447E+00    0.178008E+04    0.121194E+02    0.485372E+00
   0.282995E+03    0.252080E+04   -0.257941E+04   -0.586060E+02    0.194506E+01    0.113686E+01    0.177945E+04    0.121179E+02    0.485543E+00
   0.283495E+03    0.260692E+04   -0.266080E+04   -0.538844E+02    0.201151E+01    0.968232E+00    0.177852E+04    0.121158E+02    0.485797E+00
   0.283995E+03    0.260713E+04   -0.266092E+04   -0.537848E+02    0.201168E+01    0.996664E+00    0.177884E+04    0.121165E+02    0.485710E+00
   0.284495E+03    0.258249E+04   -0.263763E+04   -0.551407E+02    0.199266E+01    0.104073E+01    0.177934E+04    0.121177E+02    0.485573E+00
   0.284995E+03    0.259034E+04   -0.264485E+04   -0.545052E+02    0.199872E+01    0.942122E+00    0.177991E+04    0.121190E+02    0.485418E+00
   0.285495E+03    0.257185E+04   -0.262721E+04   -0.553638E+02    0.198445E+01    0.106126E+01    0.177943E+04    0.121179E+02    0.485549E+00
   0.285995E+03    0.259260E+04   -0.264573E+04   -0.531224E+02    0.200047E+01    0.999239E+00    0.178010E+04    0.121194E+02    0.485366E+00
   0.286495E+03    0.255334E+04   -0.260237E+04   -0.490250E+02    0.197017E+01    0.112667E+01    0.177979E+04    0.121187E+02    0.485452E+00
   0.286995E+03    0.254231E+04   -0.257534E+04   -0.330312E+02    0.196166E+01    0.112326E+01    0.178050E+04    0.121203E+02    0.485256E+00
   0.287495E+03    0.263559E+04   -0.266742E+04   -0.318359E+02    0.203363E+01    0.855705E+00    0.178079E+04    0.121210E+02    0.485179E+00
   0.287995E+03    0.264281E+04   -0.267942E+04   -0.366094E+02    0.203921E+01    0.827695E+00    0.178089E+04    0.121212E+02    0.485152E+00
   0.288495E+03    0.258522E+04   -0.262454E+04   -0.393183E+02    0.199477E+01    0.103234E+01    0.178127E+04    0.121221E+02    0.485046E+00
   0.288995E+03    0.256022E+04   -0.260259E+04   -0.423660E+02    0.197548E+01    0.111244E+01    0.178187E+04    0.121234E+02    0.484884E+00
   0.289495E+03    0.261988E+04   -0.266456E+04   -0.446844E+02    0.202151E+01    0.980853E+00    0.178244E+04    0.121247E+02    0.484729E+00
   0.289995E+03    0.260659E+04   -0.265471E+04   -0.481138E+02    0.201126E+01    0.888013E+00    0.178130E+04    0.121221E+02    0.485038E+00
   0.290495E+03    0.261180E+04   -0.267375E+04   -0.619514E+02    0.201528E+01    0.906107E+00    0.178075E+04    0.121209E+02    0.485188E+00
   0.290995E+03    0.257019E+04   -0.262675E+04   -0.565551E+02    0.198317E+01    0.103907E+01    0.177923E+04    0.121174E+02    0.485602E+00
   0.291495E+03    0.261392E+04   -0.266980E+04   -0.558792E+02    0.201691E+01    0.847256E+00    0.177887E+04    0.121166E+02    0.485702E+00
   0.291995E+03    0.257120E+04   -0.263359E+04   -0.623907E+02    0.198395E+01    0.120259E+01    0.177783E+04    0.121143E+02    0.485986E+00
   0.292495E+03    0.257578E+04   -0.263711E+04   -0.613342E+02    0.198748E+01    0.101548E+01    0.177940E+04    0.121178E+02    0.485558E+00
   0.292995E+03    0.256650E+04   -0.262049E+04   -0.539873E+02    0.198033E+01    0.102191E+01    0.177891E+04    0.121167E+02    0.485690E+00
   0.293495E+03    0.255670E+04   -0.260389E+04   -0.471892E+02    0.197276E+01    0.111460E+01    0.177842E+04    0.121156E+02    0.485824E+00
   0.293995E+03    0.260303E+04   -0.263985E+04   -0.368175E+02    0.200851E+01    0.887232E+00    0.177876E+04    0.121164E+02    0.485731E+00
   0.294495E+03    0.255665E+04   -0.260889E+04   -0.522429E+02    0.197272E+01    0.118343E+01    0.177812E+04    0.121149E+02    0.485906E+00
   0.294995E+03    0.259551E+04   -0.264788E+04   -0.523713E+02    0.200271E+01    0.107486E+01    0.177920E+04    0.121174E+02    0.485612E+00
   0.295495E+03    0.257529E+04   -0.264146E+04   -0.661700E+02    0.198710E+01    0.991580E+00    0.178015E+04    0.121195E+02    0.485352E+00
   0.295995E+03    0.260103E+04   -0.265243E+04   -0.513959E+02    0.200697E+01    0.846247E+00    0.178025E+04    0.121197E+02    0.485325E+00
   0.296495E+03    0.263520E+04   -0.268629E+04   -0.510857E+02    0.203334E+01    0.927046E+00    0.177995E+04    0.121191E+02    0.485407E+00
   0.296995E+03    0.260208E+04   -0.266099E+04   -0.589100E+02    0.200777E+01    0.107970E+01    0.178092E+04    0.121213E+02    0.485144E+00
   0.297495E+03    0.257998E+04   -0.263931E+04   -0.593347E+02    0.199072E+01    0.101830E+01    0.178136E+04    0.121223E+02    0.485022E+00
   0.297995E+03    0.258262E+04   -0.263316E+04   -0.505403E+02    0.199276E+01    0.977404E+00    0.178145E+04    0.121225E+02    0.484998E+00
   0.298495E+03    0.259307E+04   -0.264052E+04   -0.474540E+02    0.200082E+01    0.940583E+00    0.178148E+04    0.121225E+02    0.484990E+00
   0.298995E+03    0.260161E+04   -0.264513E+04   -0.435240E+02    0.200742E+01    0.980486E+00    0.178178E+04    0.121232E+02    0.484907E+00
   0.299495E+03    0.257673E+04   -0.262526E+04   -0.485260E+02    0.198822E+01    0.115672E+01    0.178248E+04    0.121248E+02    0.484718E+00
   0.299995E+03    0.261236E+04   -0.266195E+04   -0.495939E+02    0.201571E+01    0.928520E+00    0.178397E+04    0.121282E+02    0.484314E+00
