# numero de partículas   :  864
# densidad               : 0.3000
# temperatura inicial    : 2.0000
# volumen                : 0.288E+04
# rcut                   : 2.5000
# paso temporal          : 0.0050
# pasos de equilibración :  10000
# pasos de medición      :  50000
# t, Ekin, Epot, Etot, Temp, Pres, Vol, L, rho
   0.495000E+00    0.289793E+04   -0.168543E+04    0.121249E+04    0.223605E+01    0.621409E+00    0.271758E+04    0.139549E+02    0.317930E+00
   0.995000E+00    0.273581E+04   -0.173216E+04    0.100365E+04    0.211096E+01    0.614152E+00    0.262675E+04    0.137977E+02    0.328924E+00
   0.149500E+01    0.273781E+04   -0.188225E+04    0.855557E+03    0.211251E+01    0.598114E+00    0.252565E+04    0.136183E+02    0.342090E+00
   0.199500E+01    0.268248E+04   -0.194693E+04    0.735549E+03    0.206982E+01    0.593274E+00    0.244077E+04    0.134640E+02    0.353987E+00
   0.249500E+01    0.263076E+04   -0.198922E+04    0.641545E+03    0.202991E+01    0.700778E+00    0.233803E+04    0.132724E+02    0.369542E+00
   0.299500E+01    0.271209E+04   -0.214516E+04    0.566925E+03    0.209266E+01    0.612601E+00    0.226523E+04    0.131332E+02    0.381419E+00
   0.349500E+01    0.263252E+04   -0.211499E+04    0.517531E+03    0.203126E+01    0.752011E+00    0.220444E+04    0.130147E+02    0.391936E+00
   0.399500E+01    0.258442E+04   -0.212446E+04    0.459966E+03    0.199415E+01    0.875283E+00    0.213763E+04    0.128818E+02    0.404187E+00
   0.449500E+01    0.264566E+04   -0.224393E+04    0.401729E+03    0.204140E+01    0.783141E+00    0.208327E+04    0.127717E+02    0.414734E+00
   0.499500E+01    0.264768E+04   -0.229440E+04    0.353281E+03    0.204297E+01    0.861553E+00    0.204617E+04    0.126954E+02    0.422253E+00
   0.549500E+01    0.262534E+04   -0.231743E+04    0.307904E+03    0.202572E+01    0.915776E+00    0.201842E+04    0.126378E+02    0.428058E+00
   0.599500E+01    0.263832E+04   -0.237269E+04    0.265624E+03    0.203574E+01    0.820783E+00    0.199071E+04    0.125797E+02    0.434015E+00
   0.649500E+01    0.264703E+04   -0.242443E+04    0.222593E+03    0.204246E+01    0.772616E+00    0.195961E+04    0.125138E+02    0.440905E+00
   0.699500E+01    0.261001E+04   -0.239865E+04    0.211359E+03    0.201390E+01    0.828945E+00    0.193992E+04    0.124718E+02    0.445379E+00
   0.749500E+01    0.258980E+04   -0.240547E+04    0.184334E+03    0.199830E+01    0.100991E+01    0.191936E+04    0.124275E+02    0.450150E+00
   0.799500E+01    0.264859E+04   -0.249008E+04    0.158505E+03    0.204366E+01    0.841912E+00    0.190209E+04    0.123902E+02    0.454237E+00
   0.849500E+01    0.257890E+04   -0.246168E+04    0.117211E+03    0.198989E+01    0.979336E+00    0.188673E+04    0.123567E+02    0.457935E+00
   0.899500E+01    0.260228E+04   -0.250320E+04    0.990761E+02    0.200793E+01    0.871264E+00    0.186259E+04    0.123038E+02    0.463871E+00
   0.949500E+01    0.261273E+04   -0.254093E+04    0.718004E+02    0.201600E+01    0.885616E+00    0.184551E+04    0.122661E+02    0.468163E+00
   0.999500E+01    0.265122E+04   -0.260976E+04    0.414549E+02    0.204569E+01    0.879877E+00    0.183656E+04    0.122462E+02    0.470443E+00
   0.104950E+02    0.255427E+04   -0.253412E+04    0.201477E+02    0.197089E+01    0.107832E+01    0.182154E+04    0.122127E+02    0.474324E+00
   0.109950E+02    0.253783E+04   -0.252632E+04    0.115148E+02    0.195820E+01    0.112756E+01    0.182317E+04    0.122164E+02    0.473900E+00
   0.114950E+02    0.258075E+04   -0.257173E+04    0.902570E+01    0.199132E+01    0.972819E+00    0.180732E+04    0.121809E+02    0.478055E+00
   0.119950E+02    0.257689E+04   -0.257236E+04    0.453298E+01    0.198834E+01    0.963896E+00    0.180143E+04    0.121676E+02    0.479620E+00
   0.124950E+02    0.258546E+04   -0.260673E+04   -0.212670E+02    0.199496E+01    0.116168E+01    0.178992E+04    0.121416E+02    0.482704E+00
   0.129950E+02    0.257975E+04   -0.259354E+04   -0.137925E+02    0.199055E+01    0.100789E+01    0.180122E+04    0.121672E+02    0.479674E+00
   0.134950E+02    0.261652E+04   -0.262834E+04   -0.118184E+02    0.201892E+01    0.828297E+00    0.180168E+04    0.121682E+02    0.479552E+00
   0.139950E+02    0.255757E+04   -0.257643E+04   -0.188682E+02    0.197343E+01    0.110008E+01    0.178505E+04    0.121306E+02    0.484020E+00
   0.144950E+02    0.262857E+04   -0.265791E+04   -0.293415E+02    0.202822E+01    0.939587E+00    0.177600E+04    0.121101E+02    0.486486E+00
   0.149950E+02    0.258393E+04   -0.263717E+04   -0.532385E+02    0.199377E+01    0.105926E+01    0.177583E+04    0.121097E+02    0.486532E+00
   0.154950E+02    0.260949E+04   -0.267778E+04   -0.682897E+02    0.201350E+01    0.101131E+01    0.177425E+04    0.121061E+02    0.486967E+00
   0.159950E+02    0.260327E+04   -0.266780E+04   -0.645350E+02    0.200869E+01    0.960696E+00    0.177800E+04    0.121146E+02    0.485940E+00
   0.164950E+02    0.258260E+04   -0.265615E+04   -0.735487E+02    0.199275E+01    0.982871E+00    0.177235E+04    0.121018E+02    0.487488E+00
   0.169950E+02    0.256994E+04   -0.264663E+04   -0.766920E+02    0.198298E+01    0.102102E+01    0.176603E+04    0.120874E+02    0.489233E+00
   0.174950E+02    0.262870E+04   -0.270266E+04   -0.739605E+02    0.202832E+01    0.902288E+00    0.176960E+04    0.120955E+02    0.488247E+00
   0.179950E+02    0.260686E+04   -0.268863E+04   -0.817733E+02    0.201146E+01    0.100867E+01    0.176657E+04    0.120886E+02    0.489084E+00
   0.184950E+02    0.255998E+04   -0.263153E+04   -0.715562E+02    0.197529E+01    0.110910E+01    0.176568E+04    0.120866E+02    0.489331E+00
   0.189950E+02    0.258623E+04   -0.265391E+04   -0.676775E+02    0.199555E+01    0.107123E+01    0.177345E+04    0.121043E+02    0.487186E+00
   0.194950E+02    0.259865E+04   -0.266854E+04   -0.698875E+02    0.200513E+01    0.904387E+00    0.177483E+04    0.121074E+02    0.486808E+00
   0.199950E+02    0.258689E+04   -0.264635E+04   -0.594570E+02    0.199606E+01    0.971071E+00    0.177192E+04    0.121008E+02    0.487607E+00
   0.204950E+02    0.258652E+04   -0.263997E+04   -0.534485E+02    0.199577E+01    0.988460E+00    0.177499E+04    0.121078E+02    0.486763E+00
   0.209950E+02    0.255455E+04   -0.260888E+04   -0.543297E+02    0.197110E+01    0.114125E+01    0.177427E+04    0.121062E+02    0.486962E+00
   0.214950E+02    0.260118E+04   -0.266080E+04   -0.596178E+02    0.200708E+01    0.102068E+01    0.177554E+04    0.121090E+02    0.486614E+00
   0.219950E+02    0.256320E+04   -0.263320E+04   -0.700050E+02    0.197778E+01    0.100173E+01    0.177394E+04    0.121054E+02    0.487052E+00
   0.224950E+02    0.258862E+04   -0.264668E+04   -0.580595E+02    0.199739E+01    0.912934E+00    0.176907E+04    0.120943E+02    0.488391E+00
   0.229950E+02    0.258512E+04   -0.265355E+04   -0.684306E+02    0.199469E+01    0.105072E+01    0.176320E+04    0.120809E+02    0.490017E+00
   0.234950E+02    0.259875E+04   -0.265893E+04   -0.601738E+02    0.200521E+01    0.945921E+00    0.177500E+04    0.121078E+02    0.486762E+00
   0.239950E+02    0.260396E+04   -0.265995E+04   -0.559827E+02    0.200923E+01    0.964318E+00    0.177525E+04    0.121084E+02    0.486691E+00
   0.244950E+02    0.258305E+04   -0.264138E+04   -0.583228E+02    0.199310E+01    0.972516E+00    0.177498E+04    0.121078E+02    0.486767E+00
   0.249950E+02    0.257294E+04   -0.262856E+04   -0.556164E+02    0.198529E+01    0.103737E+01    0.178209E+04    0.121239E+02    0.484825E+00
   0.254950E+02    0.258891E+04   -0.264737E+04   -0.584602E+02    0.199762E+01    0.994780E+00    0.177785E+04    0.121143E+02    0.485979E+00
   0.259950E+02    0.257756E+04   -0.262893E+04   -0.513622E+02    0.198886E+01    0.107771E+01    0.177488E+04    0.121075E+02    0.486794E+00
   0.264950E+02    0.257650E+04   -0.264014E+04   -0.636392E+02    0.198804E+01    0.104350E+01    0.177077E+04    0.120982E+02    0.487924E+00
   0.269950E+02    0.259240E+04   -0.267285E+04   -0.804479E+02    0.200031E+01    0.101278E+01    0.176090E+04    0.120757E+02    0.490659E+00
   0.274950E+02    0.260312E+04   -0.269739E+04   -0.942703E+02    0.200858E+01    0.992096E+00    0.176290E+04    0.120802E+02    0.490102E+00
   0.279950E+02    0.254492E+04   -0.263764E+04   -0.927136E+02    0.196368E+01    0.114736E+01    0.177207E+04    0.121012E+02    0.487566E+00
   0.284950E+02    0.262662E+04   -0.270852E+04   -0.819045E+02    0.202671E+01    0.875330E+00    0.177210E+04    0.121012E+02    0.487557E+00
   0.289950E+02    0.256078E+04   -0.262967E+04   -0.688912E+02    0.197591E+01    0.107019E+01    0.178462E+04    0.121297E+02    0.484137E+00
   0.294950E+02    0.260663E+04   -0.266254E+04   -0.559074E+02    0.201129E+01    0.892245E+00    0.178508E+04    0.121307E+02    0.484012E+00
   0.299950E+02    0.259274E+04   -0.264254E+04   -0.498089E+02    0.200057E+01    0.900062E+00    0.178286E+04    0.121257E+02    0.484616E+00
   0.304950E+02    0.259252E+04   -0.264411E+04   -0.515858E+02    0.200040E+01    0.102242E+01    0.177105E+04    0.120988E+02    0.487847E+00
   0.309950E+02    0.257459E+04   -0.262169E+04   -0.471003E+02    0.198657E+01    0.985696E+00    0.177851E+04    0.121158E+02    0.485801E+00
   0.314950E+02    0.262035E+04   -0.267120E+04   -0.508534E+02    0.202187E+01    0.992480E+00    0.177597E+04    0.121100E+02    0.486494E+00
   0.319950E+02    0.257399E+04   -0.261349E+04   -0.394990E+02    0.198610E+01    0.912040E+00    0.178037E+04    0.121200E+02    0.485292E+00
   0.324950E+02    0.262578E+04   -0.267977E+04   -0.539947E+02    0.202606E+01    0.940844E+00    0.177223E+04    0.121015E+02    0.487521E+00
   0.329950E+02    0.256766E+04   -0.262527E+04   -0.576143E+02    0.198122E+01    0.102653E+01    0.176927E+04    0.120948E+02    0.488336E+00
   0.334950E+02    0.256076E+04   -0.262703E+04   -0.662756E+02    0.197589E+01    0.105903E+01    0.177361E+04    0.121047E+02    0.487143E+00
   0.339950E+02    0.262532E+04   -0.269465E+04   -0.693299E+02    0.202571E+01    0.893205E+00    0.177136E+04    0.120995E+02    0.487762E+00
   0.344950E+02    0.260164E+04   -0.267129E+04   -0.696559E+02    0.200744E+01    0.110490E+01    0.177374E+04    0.121050E+02    0.487107E+00
   0.349950E+02    0.256907E+04   -0.264401E+04   -0.749323E+02    0.198231E+01    0.105722E+01    0.177304E+04    0.121034E+02    0.487299E+00
   0.354950E+02    0.259254E+04   -0.265397E+04   -0.614315E+02    0.200041E+01    0.953960E+00    0.177798E+04    0.121146E+02    0.485944E+00
   0.359950E+02    0.263066E+04   -0.269007E+04   -0.594154E+02    0.202983E+01    0.927107E+00    0.177896E+04    0.121168E+02    0.485677E+00
   0.364950E+02    0.256940E+04   -0.262919E+04   -0.597937E+02    0.198256E+01    0.100106E+01    0.178358E+04    0.121273E+02    0.484418E+00
   0.369950E+02    0.258856E+04   -0.262652E+04   -0.379620E+02    0.199735E+01    0.912081E+00    0.178427E+04    0.121289E+02    0.484231E+00
   0.374950E+02    0.259564E+04   -0.263635E+04   -0.407093E+02    0.200281E+01    0.941738E+00    0.177763E+04    0.121138E+02    0.486041E+00
   0.379950E+02    0.260380E+04   -0.264747E+04   -0.436670E+02    0.200910E+01    0.104541E+01    0.177252E+04    0.121022E+02    0.487441E+00
   0.384950E+02    0.259392E+04   -0.263729E+04   -0.433755E+02    0.200148E+01    0.973826E+00    0.178860E+04    0.121387E+02    0.483061E+00
   0.389950E+02    0.256321E+04   -0.260446E+04   -0.412577E+02    0.197778E+01    0.109665E+01    0.179637E+04    0.121562E+02    0.480969E+00
   0.394950E+02    0.255650E+04   -0.258936E+04   -0.328606E+02    0.197261E+01    0.972944E+00    0.179022E+04    0.121423E+02    0.482622E+00
   0.399950E+02    0.258846E+04   -0.261421E+04   -0.257480E+02    0.199727E+01    0.103145E+01    0.178032E+04    0.121199E+02    0.485307E+00
   0.404950E+02    0.259326E+04   -0.262053E+04   -0.272758E+02    0.200097E+01    0.103820E+01    0.178567E+04    0.121320E+02    0.483853E+00
   0.409950E+02    0.249127E+04   -0.253463E+04   -0.433565E+02    0.192228E+01    0.127577E+01    0.178700E+04    0.121351E+02    0.483491E+00
   0.414950E+02    0.259104E+04   -0.264128E+04   -0.502434E+02    0.199926E+01    0.103517E+01    0.177808E+04    0.121148E+02    0.485917E+00
   0.419950E+02    0.261858E+04   -0.267167E+04   -0.530948E+02    0.202051E+01    0.100108E+01    0.177841E+04    0.121156E+02    0.485827E+00
   0.424950E+02    0.256110E+04   -0.263287E+04   -0.717746E+02    0.197615E+01    0.112135E+01    0.178073E+04    0.121208E+02    0.485195E+00
   0.429950E+02    0.256224E+04   -0.262675E+04   -0.645169E+02    0.197704E+01    0.101769E+01    0.177894E+04    0.121168E+02    0.485683E+00
   0.434950E+02    0.254587E+04   -0.260314E+04   -0.572670E+02    0.196441E+01    0.109449E+01    0.178075E+04    0.121209E+02    0.485190E+00
   0.439950E+02    0.256804E+04   -0.261769E+04   -0.496550E+02    0.198151E+01    0.106920E+01    0.178876E+04    0.121390E+02    0.483015E+00
   0.444950E+02    0.261473E+04   -0.267868E+04   -0.639563E+02    0.201754E+01    0.899644E+00    0.179044E+04    0.121428E+02    0.482564E+00
   0.449950E+02    0.257332E+04   -0.264339E+04   -0.700730E+02    0.198559E+01    0.111184E+01    0.178021E+04    0.121197E+02    0.485336E+00
   0.454950E+02    0.257751E+04   -0.263077E+04   -0.532616E+02    0.198882E+01    0.101156E+01    0.177870E+04    0.121162E+02    0.485748E+00
   0.459950E+02    0.256841E+04   -0.262483E+04   -0.564254E+02    0.198180E+01    0.106223E+01    0.178015E+04    0.121195E+02    0.485352E+00
   0.464950E+02    0.259186E+04   -0.264296E+04   -0.510979E+02    0.199989E+01    0.103291E+01    0.177850E+04    0.121158E+02    0.485803E+00
   0.469950E+02    0.256554E+04   -0.260346E+04   -0.379120E+02    0.197959E+01    0.969489E+00    0.178217E+04    0.121241E+02    0.484803E+00
   0.474950E+02    0.260138E+04   -0.263075E+04   -0.293671E+02    0.200724E+01    0.105236E+01    0.178561E+04    0.121319E+02    0.483869E+00
   0.479950E+02    0.261790E+04   -0.267897E+04   -0.610714E+02    0.201999E+01    0.959005E+00    0.177159E+04    0.121001E+02    0.487699E+00
   0.484950E+02    0.255639E+04   -0.261788E+04   -0.614923E+02    0.197252E+01    0.105727E+01    0.178028E+04    0.121198E+02    0.485316E+00
   0.489950E+02    0.257239E+04   -0.263636E+04   -0.639706E+02    0.198487E+01    0.100413E+01    0.177245E+04    0.121020E+02    0.487460E+00
   0.494950E+02    0.260208E+04   -0.266966E+04   -0.675793E+02    0.200778E+01    0.963024E+00    0.177377E+04    0.121050E+02    0.487097E+00
   0.499950E+02    0.259842E+04   -0.266592E+04   -0.674999E+02    0.200495E+01    0.976442E+00    0.176703E+04    0.120897E+02    0.488956E+00
   0.504950E+02    0.259338E+04   -0.267717E+04   -0.837890E+02    0.200107E+01    0.109909E+01    0.176174E+04    0.120776E+02    0.490423E+00
   0.509950E+02    0.258728E+04   -0.267620E+04   -0.889170E+02    0.199636E+01    0.951835E+00    0.176123E+04    0.120764E+02    0.490565E+00
   0.514950E+02    0.261539E+04   -0.268909E+04   -0.736961E+02    0.201805E+01    0.928312E+00    0.177133E+04    0.120995E+02    0.487769E+00
   0.519950E+02    0.258018E+04   -0.265724E+04   -0.770538E+02    0.199088E+01    0.944218E+00    0.176519E+04    0.120855E+02    0.489466E+00
   0.524950E+02    0.258394E+04   -0.265196E+04   -0.680213E+02    0.199378E+01    0.109585E+01    0.176611E+04    0.120876E+02    0.489211E+00
   0.529950E+02    0.260970E+04   -0.266980E+04   -0.601064E+02    0.201365E+01    0.100093E+01    0.177427E+04    0.121062E+02    0.486962E+00
   0.534950E+02    0.256929E+04   -0.261536E+04   -0.460672E+02    0.198248E+01    0.101638E+01    0.177942E+04    0.121179E+02    0.485552E+00
   0.539950E+02    0.257523E+04   -0.261248E+04   -0.372518E+02    0.198706E+01    0.110653E+01    0.179097E+04    0.121440E+02    0.482419E+00
   0.544950E+02    0.256091E+04   -0.259454E+04   -0.336291E+02    0.197601E+01    0.104626E+01    0.178823E+04    0.121378E+02    0.483160E+00
   0.549950E+02    0.263205E+04   -0.265615E+04   -0.241032E+02    0.203090E+01    0.881107E+00    0.179270E+04    0.121479E+02    0.481954E+00
   0.554950E+02    0.258762E+04   -0.261863E+04   -0.310118E+02    0.199662E+01    0.104933E+01    0.178882E+04    0.121392E+02    0.482999E+00
   0.559950E+02    0.258217E+04   -0.262784E+04   -0.456712E+02    0.199241E+01    0.106025E+01    0.179064E+04    0.121433E+02    0.482510E+00
   0.564950E+02    0.255009E+04   -0.258760E+04   -0.375031E+02    0.196766E+01    0.111192E+01    0.179519E+04    0.121536E+02    0.481285E+00
   0.569950E+02    0.262037E+04   -0.264385E+04   -0.234874E+02    0.202189E+01    0.853523E+00    0.179288E+04    0.121483E+02    0.481906E+00
   0.574950E+02    0.260898E+04   -0.264815E+04   -0.391642E+02    0.201311E+01    0.100264E+01    0.178814E+04    0.121376E+02    0.483184E+00
   0.579950E+02    0.258314E+04   -0.262282E+04   -0.396799E+02    0.199316E+01    0.101985E+01    0.179410E+04    0.121511E+02    0.481577E+00
   0.584950E+02    0.261936E+04   -0.265235E+04   -0.329899E+02    0.202111E+01    0.902984E+00    0.179398E+04    0.121508E+02    0.481610E+00
   0.589950E+02    0.254122E+04   -0.257305E+04   -0.318263E+02    0.196082E+01    0.115770E+01    0.179124E+04    0.121446E+02    0.482347E+00
   0.594950E+02    0.258539E+04   -0.261317E+04   -0.277868E+02    0.199490E+01    0.105980E+01    0.179597E+04    0.121553E+02    0.481076E+00
   0.599950E+02    0.261334E+04   -0.264033E+04   -0.269970E+02    0.201646E+01    0.895862E+00    0.179967E+04    0.121637E+02    0.480088E+00
   0.604950E+02    0.256931E+04   -0.260045E+04   -0.311375E+02    0.198249E+01    0.105493E+01    0.179753E+04    0.121588E+02    0.480659E+00
   0.609950E+02    0.261035E+04   -0.264851E+04   -0.381659E+02    0.201416E+01    0.963845E+00    0.178432E+04    0.121290E+02    0.484219E+00
   0.614950E+02    0.256706E+04   -0.260190E+04   -0.348341E+02    0.198076E+01    0.110181E+01    0.178885E+04    0.121392E+02    0.482991E+00
   0.619950E+02    0.259975E+04   -0.263612E+04   -0.363758E+02    0.200598E+01    0.105191E+01    0.178847E+04    0.121384E+02    0.483095E+00
   0.624950E+02    0.254996E+04   -0.258818E+04   -0.382247E+02    0.196756E+01    0.110195E+01    0.178341E+04    0.121269E+02    0.484465E+00
   0.629950E+02    0.258520E+04   -0.261186E+04   -0.266682E+02    0.199475E+01    0.104497E+01    0.178865E+04    0.121388E+02    0.483045E+00
   0.634950E+02    0.261169E+04   -0.265432E+04   -0.426232E+02    0.201520E+01    0.959611E+00    0.178433E+04    0.121290E+02    0.484217E+00
   0.639950E+02    0.258625E+04   -0.261919E+04   -0.329441E+02    0.199556E+01    0.101060E+01    0.178844E+04    0.121383E+02    0.483104E+00
   0.644950E+02    0.261633E+04   -0.266230E+04   -0.459641E+02    0.201877E+01    0.937909E+00    0.179325E+04    0.121492E+02    0.481806E+00
   0.649950E+02    0.259753E+04   -0.262448E+04   -0.269497E+02    0.200427E+01    0.873652E+00    0.179794E+04    0.121598E+02    0.480551E+00
   0.654950E+02    0.258956E+04   -0.261879E+04   -0.292311E+02    0.199812E+01    0.103700E+01    0.179513E+04    0.121534E+02    0.481303E+00
   0.659950E+02    0.261363E+04   -0.264887E+04   -0.352378E+02    0.201669E+01    0.900649E+00    0.179466E+04    0.121524E+02    0.481427E+00
   0.664950E+02    0.254842E+04   -0.260065E+04   -0.522338E+02    0.196637E+01    0.104893E+01    0.178182E+04    0.121233E+02    0.484898E+00
   0.669950E+02    0.266593E+04   -0.274264E+04   -0.767109E+02    0.205704E+01    0.682190E+00    0.176152E+04    0.120771E+02    0.490485E+00
   0.674950E+02    0.255195E+04   -0.264364E+04   -0.916859E+02    0.196910E+01    0.115576E+01    0.175759E+04    0.120681E+02    0.491582E+00
   0.679950E+02    0.261307E+04   -0.269403E+04   -0.809640E+02    0.201626E+01    0.927157E+00    0.176226E+04    0.120788E+02    0.490279E+00
   0.684950E+02    0.261097E+04   -0.269752E+04   -0.865527E+02    0.201464E+01    0.985456E+00    0.175889E+04    0.120711E+02    0.491219E+00
   0.689950E+02    0.262115E+04   -0.270086E+04   -0.797085E+02    0.202249E+01    0.857952E+00    0.176260E+04    0.120796E+02    0.490184E+00
   0.694950E+02    0.256900E+04   -0.263506E+04   -0.660605E+02    0.198225E+01    0.104914E+01    0.177085E+04    0.120984E+02    0.487901E+00
   0.699950E+02    0.259947E+04   -0.266458E+04   -0.651016E+02    0.200577E+01    0.105567E+01    0.177056E+04    0.120977E+02    0.487982E+00
   0.704950E+02    0.261455E+04   -0.265834E+04   -0.437873E+02    0.201740E+01    0.900996E+00    0.177880E+04    0.121164E+02    0.485722E+00
   0.709950E+02    0.259277E+04   -0.263585E+04   -0.430779E+02    0.200060E+01    0.104509E+01    0.178019E+04    0.121196E+02    0.485341E+00
   0.714950E+02    0.260980E+04   -0.265965E+04   -0.498550E+02    0.201373E+01    0.944170E+00    0.177207E+04    0.121012E+02    0.487566E+00
   0.719950E+02    0.259508E+04   -0.264366E+04   -0.485763E+02    0.200238E+01    0.993517E+00    0.177989E+04    0.121189E+02    0.485424E+00
   0.724950E+02    0.262069E+04   -0.266992E+04   -0.492242E+02    0.202214E+01    0.942724E+00    0.178308E+04    0.121262E+02    0.484556E+00
   0.729950E+02    0.258934E+04   -0.265135E+04   -0.620086E+02    0.199795E+01    0.106567E+01    0.178312E+04    0.121262E+02    0.484545E+00
   0.734950E+02    0.255689E+04   -0.259992E+04   -0.430218E+02    0.197291E+01    0.104955E+01    0.179174E+04    0.121458E+02    0.482212E+00
   0.739950E+02    0.264889E+04   -0.269005E+04   -0.411571E+02    0.204390E+01    0.829958E+00    0.178999E+04    0.121418E+02    0.482684E+00
   0.744950E+02    0.261194E+04   -0.264557E+04   -0.336303E+02    0.201538E+01    0.917341E+00    0.179338E+04    0.121495E+02    0.481772E+00
   0.749950E+02    0.262885E+04   -0.266158E+04   -0.327302E+02    0.202843E+01    0.904707E+00    0.179745E+04    0.121587E+02    0.480681E+00
   0.754950E+02    0.255696E+04   -0.258630E+04   -0.293326E+02    0.197297E+01    0.107402E+01    0.179392E+04    0.121507E+02    0.481628E+00
   0.759950E+02    0.261895E+04   -0.266107E+04   -0.421183E+02    0.202080E+01    0.919067E+00    0.178715E+04    0.121354E+02    0.483452E+00
   0.764950E+02    0.262809E+04   -0.267733E+04   -0.492419E+02    0.202785E+01    0.801273E+00    0.178408E+04    0.121284E+02    0.484283E+00
   0.769950E+02    0.262969E+04   -0.268374E+04   -0.540520E+02    0.202908E+01    0.945499E+00    0.178383E+04    0.121279E+02    0.484352E+00
   0.774950E+02    0.253913E+04   -0.258804E+04   -0.489148E+02    0.195920E+01    0.109719E+01    0.178670E+04    0.121344E+02    0.483573E+00
   0.779950E+02    0.260145E+04   -0.263851E+04   -0.370596E+02    0.200729E+01    0.953500E+00    0.178592E+04    0.121326E+02    0.483785E+00
   0.784950E+02    0.254521E+04   -0.258308E+04   -0.378701E+02    0.196390E+01    0.118212E+01    0.178239E+04    0.121246E+02    0.484742E+00
   0.789950E+02    0.254785E+04   -0.258554E+04   -0.376878E+02    0.196594E+01    0.101921E+01    0.178438E+04    0.121291E+02    0.484203E+00
   0.794950E+02    0.258843E+04   -0.261898E+04   -0.305593E+02    0.199724E+01    0.105146E+01    0.178398E+04    0.121282E+02    0.484311E+00
   0.799950E+02    0.259516E+04   -0.262852E+04   -0.333625E+02    0.200244E+01    0.101872E+01    0.178402E+04    0.121283E+02    0.484300E+00
   0.804950E+02    0.257066E+04   -0.260268E+04   -0.320270E+02    0.198353E+01    0.108532E+01    0.178957E+04    0.121409E+02    0.482799E+00
   0.809950E+02    0.260924E+04   -0.264232E+04   -0.330776E+02    0.201330E+01    0.969263E+00    0.178661E+04    0.121342E+02    0.483599E+00
   0.814950E+02    0.257059E+04   -0.261721E+04   -0.466155E+02    0.198348E+01    0.111571E+01    0.178341E+04    0.121269E+02    0.484466E+00
   0.819950E+02    0.259025E+04   -0.263669E+04   -0.464385E+02    0.199865E+01    0.962571E+00    0.178363E+04    0.121274E+02    0.484407E+00
   0.824950E+02    0.257974E+04   -0.262742E+04   -0.476771E+02    0.199054E+01    0.104872E+01    0.178181E+04    0.121233E+02    0.484901E+00
   0.829950E+02    0.261067E+04   -0.266116E+04   -0.504922E+02    0.201441E+01    0.107770E+01    0.177694E+04    0.121122E+02    0.486230E+00
   0.834950E+02    0.262329E+04   -0.269787E+04   -0.745772E+02    0.202415E+01    0.915793E+00    0.177155E+04    0.121000E+02    0.487708E+00
   0.839950E+02    0.259295E+04   -0.266693E+04   -0.739792E+02    0.200073E+01    0.937478E+00    0.176957E+04    0.120955E+02    0.488253E+00
   0.844950E+02    0.259952E+04   -0.267959E+04   -0.800748E+02    0.200580E+01    0.104935E+01    0.177200E+04    0.121010E+02    0.487586E+00
   0.849950E+02    0.257979E+04   -0.264555E+04   -0.657612E+02    0.199058E+01    0.100165E+01    0.177796E+04    0.121145E+02    0.485951E+00
   0.854950E+02    0.258370E+04   -0.265893E+04   -0.752269E+02    0.199360E+01    0.102222E+01    0.176735E+04    0.120904E+02    0.488867E+00
   0.859950E+02    0.265385E+04   -0.271677E+04   -0.629194E+02    0.204773E+01    0.864052E+00    0.177346E+04    0.121043E+02    0.487184E+00
   0.864950E+02    0.260251E+04   -0.266497E+04   -0.624600E+02    0.200811E+01    0.921933E+00    0.177756E+04    0.121136E+02    0.486060E+00
   0.869950E+02    0.259936E+04   -0.264260E+04   -0.432315E+02    0.200568E+01    0.960799E+00    0.179077E+04    0.121436E+02    0.482474E+00
   0.874950E+02    0.261794E+04   -0.265164E+04   -0.337012E+02    0.202001E+01    0.970950E+00    0.178940E+04    0.121405E+02    0.482843E+00
   0.879950E+02    0.262306E+04   -0.265699E+04   -0.339308E+02    0.202396E+01    0.960979E+00    0.179525E+04    0.121537E+02    0.481269E+00
   0.884950E+02    0.260217E+04   -0.263474E+04   -0.325755E+02    0.200784E+01    0.953202E+00    0.179837E+04    0.121607E+02    0.480436E+00
   0.889950E+02    0.258823E+04   -0.260931E+04   -0.210801E+02    0.199709E+01    0.996392E+00    0.180105E+04    0.121668E+02    0.479719E+00
   0.894950E+02    0.261593E+04   -0.263726E+04   -0.213276E+02    0.201846E+01    0.952257E+00    0.180082E+04    0.121663E+02    0.479781E+00
   0.899950E+02    0.260342E+04   -0.263439E+04   -0.309723E+02    0.200881E+01    0.103519E+01    0.180421E+04    0.121739E+02    0.478880E+00
   0.904950E+02    0.253889E+04   -0.258752E+04   -0.486299E+02    0.195902E+01    0.110824E+01    0.179153E+04    0.121453E+02    0.482268E+00
   0.909950E+02    0.258077E+04   -0.262239E+04   -0.416166E+02    0.199134E+01    0.104505E+01    0.179287E+04    0.121483E+02    0.481909E+00
   0.914950E+02    0.257192E+04   -0.262160E+04   -0.496741E+02    0.198451E+01    0.103400E+01    0.179544E+04    0.121541E+02    0.481218E+00
   0.919950E+02    0.250041E+04   -0.254755E+04   -0.471344E+02    0.192933E+01    0.116527E+01    0.179205E+04    0.121465E+02    0.482128E+00
   0.924950E+02    0.256527E+04   -0.260906E+04   -0.437868E+02    0.197938E+01    0.119734E+01    0.179207E+04    0.121465E+02    0.482125E+00
   0.929950E+02    0.261024E+04   -0.266768E+04   -0.574373E+02    0.201407E+01    0.947408E+00    0.178821E+04    0.121378E+02    0.483166E+00
   0.934950E+02    0.258005E+04   -0.262117E+04   -0.411180E+02    0.199078E+01    0.999418E+00    0.179370E+04    0.121502E+02    0.481686E+00
   0.939950E+02    0.262809E+04   -0.267756E+04   -0.494630E+02    0.202785E+01    0.863582E+00    0.178024E+04    0.121197E+02    0.485329E+00
   0.944950E+02    0.260436E+04   -0.265523E+04   -0.508688E+02    0.200954E+01    0.106862E+01    0.178031E+04    0.121199E+02    0.485308E+00
   0.949950E+02    0.260979E+04   -0.268748E+04   -0.776900E+02    0.201373E+01    0.103488E+01    0.178483E+04    0.121301E+02    0.484081E+00
   0.954950E+02    0.258831E+04   -0.266127E+04   -0.729653E+02    0.199715E+01    0.987398E+00    0.177591E+04    0.121099E+02    0.486511E+00
   0.959950E+02    0.256694E+04   -0.262287E+04   -0.559267E+02    0.198066E+01    0.103005E+01    0.178604E+04    0.121329E+02    0.483752E+00
   0.964950E+02    0.257343E+04   -0.261661E+04   -0.431810E+02    0.198567E+01    0.104969E+01    0.178902E+04    0.121396E+02    0.482946E+00
   0.969950E+02    0.258707E+04   -0.263311E+04   -0.460417E+02    0.199620E+01    0.103295E+01    0.177841E+04    0.121156E+02    0.485828E+00
   0.974950E+02    0.257853E+04   -0.263249E+04   -0.539604E+02    0.198961E+01    0.985527E+00    0.177455E+04    0.121068E+02    0.486883E+00
   0.979950E+02    0.262095E+04   -0.267433E+04   -0.533841E+02    0.202233E+01    0.889356E+00    0.177237E+04    0.121018E+02    0.487483E+00
   0.984950E+02    0.261745E+04   -0.269251E+04   -0.750588E+02    0.201964E+01    0.101750E+01    0.176612E+04    0.120876E+02    0.489208E+00
   0.989950E+02    0.260071E+04   -0.267167E+04   -0.709565E+02    0.200672E+01    0.105100E+01    0.177146E+04    0.120998E+02    0.487734E+00
   0.994950E+02    0.258820E+04   -0.265835E+04   -0.701576E+02    0.199706E+01    0.955240E+00    0.177766E+04    0.121139E+02    0.486032E+00
   0.999950E+02    0.256239E+04   -0.261079E+04   -0.483916E+02    0.197716E+01    0.106189E+01    0.178131E+04    0.121222E+02    0.485036E+00
   0.100495E+03    0.258825E+04   -0.263499E+04   -0.467489E+02    0.199710E+01    0.990286E+00    0.177912E+04    0.121172E+02    0.485633E+00
   0.100995E+03    0.261918E+04   -0.265843E+04   -0.392417E+02    0.202097E+01    0.892387E+00    0.178151E+04    0.121226E+02    0.484982E+00
   0.101495E+03    0.262082E+04   -0.267741E+04   -0.565849E+02    0.202224E+01    0.938096E+00    0.177035E+04    0.120973E+02    0.488038E+00
   0.101995E+03    0.257170E+04   -0.262605E+04   -0.543437E+02    0.198434E+01    0.110209E+01    0.178303E+04    0.121261E+02    0.484569E+00
   0.102495E+03    0.252379E+04   -0.258508E+04   -0.612976E+02    0.194737E+01    0.120212E+01    0.178277E+04    0.121255E+02    0.484638E+00
   0.102995E+03    0.255874E+04   -0.263042E+04   -0.716801E+02    0.197433E+01    0.106217E+01    0.177481E+04    0.121074E+02    0.486812E+00
   0.103495E+03    0.258324E+04   -0.266379E+04   -0.805497E+02    0.199324E+01    0.977537E+00    0.177046E+04    0.120975E+02    0.488008E+00
   0.103995E+03    0.257424E+04   -0.263320E+04   -0.589652E+02    0.198629E+01    0.104091E+01    0.177501E+04    0.121079E+02    0.486757E+00
   0.104495E+03    0.257572E+04   -0.263377E+04   -0.580526E+02    0.198744E+01    0.111160E+01    0.177498E+04    0.121078E+02    0.486767E+00
   0.104995E+03    0.257984E+04   -0.263416E+04   -0.543162E+02    0.199062E+01    0.104105E+01    0.177986E+04    0.121189E+02    0.485433E+00
   0.105495E+03    0.260957E+04   -0.266219E+04   -0.526191E+02    0.201356E+01    0.923608E+00    0.178582E+04    0.121324E+02    0.483811E+00
   0.105995E+03    0.260536E+04   -0.266290E+04   -0.575446E+02    0.201031E+01    0.893999E+00    0.177993E+04    0.121190E+02    0.485414E+00
   0.106495E+03    0.254380E+04   -0.259057E+04   -0.467696E+02    0.196281E+01    0.112293E+01    0.178261E+04    0.121251E+02    0.484682E+00
   0.106995E+03    0.260025E+04   -0.264761E+04   -0.473587E+02    0.200637E+01    0.102965E+01    0.178630E+04    0.121335E+02    0.483681E+00
   0.107495E+03    0.261667E+04   -0.266821E+04   -0.515357E+02    0.201904E+01    0.942919E+00    0.178138E+04    0.121223E+02    0.485017E+00
   0.107995E+03    0.259301E+04   -0.263541E+04   -0.424006E+02    0.200078E+01    0.999793E+00    0.178430E+04    0.121289E+02    0.484223E+00
   0.108495E+03    0.257498E+04   -0.262151E+04   -0.465232E+02    0.198687E+01    0.113123E+01    0.179043E+04    0.121428E+02    0.482565E+00
   0.108995E+03    0.258856E+04   -0.262833E+04   -0.397700E+02    0.199735E+01    0.977012E+00    0.179149E+04    0.121452E+02    0.482280E+00
   0.109495E+03    0.258160E+04   -0.262367E+04   -0.420725E+02    0.199198E+01    0.975815E+00    0.178745E+04    0.121361E+02    0.483369E+00
   0.109995E+03    0.261728E+04   -0.264676E+04   -0.294809E+02    0.201951E+01    0.905045E+00    0.179532E+04    0.121538E+02    0.481252E+00
   0.110495E+03    0.262178E+04   -0.265174E+04   -0.299616E+02    0.202298E+01    0.978129E+00    0.179078E+04    0.121436E+02    0.482471E+00
   0.110995E+03    0.261914E+04   -0.264948E+04   -0.303323E+02    0.202094E+01    0.900795E+00    0.179192E+04    0.121462E+02    0.482165E+00
   0.111495E+03    0.257319E+04   -0.259509E+04   -0.219040E+02    0.198548E+01    0.100887E+01    0.179233E+04    0.121471E+02    0.482053E+00
   0.111995E+03    0.257960E+04   -0.260802E+04   -0.284193E+02    0.199043E+01    0.997178E+00    0.178413E+04    0.121286E+02    0.484269E+00
   0.112495E+03    0.254727E+04   -0.257182E+04   -0.245502E+02    0.196549E+01    0.117191E+01    0.178783E+04    0.121369E+02    0.483267E+00
   0.112995E+03    0.260300E+04   -0.263251E+04   -0.295088E+02    0.200849E+01    0.976104E+00    0.179616E+04    0.121557E+02    0.481027E+00
   0.113495E+03    0.258218E+04   -0.261387E+04   -0.316956E+02    0.199242E+01    0.103328E+01    0.179968E+04    0.121637E+02    0.480086E+00
   0.113995E+03    0.259896E+04   -0.263429E+04   -0.353290E+02    0.200537E+01    0.875566E+00    0.179204E+04    0.121464E+02    0.482133E+00
   0.114495E+03    0.261048E+04   -0.264152E+04   -0.310409E+02    0.201426E+01    0.989694E+00    0.179030E+04    0.121425E+02    0.482601E+00
   0.114995E+03    0.260517E+04   -0.264314E+04   -0.379741E+02    0.201016E+01    0.933398E+00    0.178469E+04    0.121298E+02    0.484117E+00
   0.115495E+03    0.261271E+04   -0.264764E+04   -0.349355E+02    0.201598E+01    0.897880E+00    0.178627E+04    0.121334E+02    0.483690E+00
   0.115995E+03    0.257071E+04   -0.260161E+04   -0.308975E+02    0.198358E+01    0.111284E+01    0.179372E+04    0.121502E+02    0.481681E+00
   0.116495E+03    0.257774E+04   -0.259812E+04   -0.203855E+02    0.198899E+01    0.103633E+01    0.179960E+04    0.121635E+02    0.480106E+00
   0.116995E+03    0.256919E+04   -0.258709E+04   -0.178947E+02    0.198240E+01    0.100922E+01    0.180195E+04    0.121688E+02    0.479481E+00
   0.117495E+03    0.266204E+04   -0.267898E+04   -0.169362E+02    0.205405E+01    0.848232E+00    0.180179E+04    0.121684E+02    0.479522E+00
   0.117995E+03    0.259208E+04   -0.261143E+04   -0.193537E+02    0.200006E+01    0.956270E+00    0.180276E+04    0.121706E+02    0.479266E+00
   0.118495E+03    0.257158E+04   -0.258763E+04   -0.160426E+02    0.198425E+01    0.104683E+01    0.180298E+04    0.121711E+02    0.479208E+00
   0.118995E+03    0.260336E+04   -0.261277E+04   -0.941114E+01    0.200876E+01    0.968459E+00    0.179772E+04    0.121593E+02    0.480610E+00
   0.119495E+03    0.265990E+04   -0.267675E+04   -0.168513E+02    0.205239E+01    0.819156E+00    0.179984E+04    0.121640E+02    0.480043E+00
   0.119995E+03    0.263904E+04   -0.266507E+04   -0.260291E+02    0.203630E+01    0.797904E+00    0.179548E+04    0.121542E+02    0.481208E+00
   0.120495E+03    0.261107E+04   -0.265756E+04   -0.464870E+02    0.201472E+01    0.977643E+00    0.177997E+04    0.121191E+02    0.485401E+00
   0.120995E+03    0.257136E+04   -0.262165E+04   -0.502898E+02    0.198408E+01    0.101535E+01    0.177960E+04    0.121183E+02    0.485502E+00
   0.121495E+03    0.261025E+04   -0.265595E+04   -0.456981E+02    0.201408E+01    0.984747E+00    0.177361E+04    0.121047E+02    0.487143E+00
   0.121995E+03    0.254758E+04   -0.258626E+04   -0.386775E+02    0.196573E+01    0.113993E+01    0.177886E+04    0.121166E+02    0.485704E+00
   0.122495E+03    0.261337E+04   -0.266666E+04   -0.532873E+02    0.201649E+01    0.935452E+00    0.177396E+04    0.121055E+02    0.487045E+00
   0.122995E+03    0.261180E+04   -0.267443E+04   -0.626284E+02    0.201528E+01    0.100328E+01    0.177692E+04    0.121122E+02    0.486235E+00
   0.123495E+03    0.257434E+04   -0.261627E+04   -0.419307E+02    0.198637E+01    0.101862E+01    0.177933E+04    0.121177E+02    0.485576E+00
   0.123995E+03    0.262250E+04   -0.267202E+04   -0.495224E+02    0.202353E+01    0.957886E+00    0.177953E+04    0.121181E+02    0.485521E+00
   0.124495E+03    0.262452E+04   -0.268697E+04   -0.624508E+02    0.202509E+01    0.923961E+00    0.177669E+04    0.121117E+02    0.486298E+00
   0.124995E+03    0.257674E+04   -0.263518E+04   -0.584345E+02    0.198823E+01    0.916697E+00    0.177882E+04    0.121165E+02    0.485716E+00
   0.125495E+03    0.259713E+04   -0.264647E+04   -0.493325E+02    0.200396E+01    0.914507E+00    0.176948E+04    0.120953E+02    0.488278E+00
   0.125995E+03    0.260817E+04   -0.266592E+04   -0.577515E+02    0.201248E+01    0.951433E+00    0.178078E+04    0.121209E+02    0.485182E+00
   0.126495E+03    0.259806E+04   -0.264412E+04   -0.460535E+02    0.200468E+01    0.101289E+01    0.178089E+04    0.121212E+02    0.485150E+00
   0.126995E+03    0.258281E+04   -0.263027E+04   -0.474656E+02    0.199291E+01    0.104369E+01    0.178587E+04    0.121325E+02    0.483799E+00
   0.127495E+03    0.260797E+04   -0.266450E+04   -0.565248E+02    0.201233E+01    0.103085E+01    0.177749E+04    0.121135E+02    0.486078E+00
   0.127995E+03    0.264545E+04   -0.272041E+04   -0.749574E+02    0.204124E+01    0.834640E+00    0.177144E+04    0.120997E+02    0.487738E+00
   0.128495E+03    0.251940E+04   -0.257828E+04   -0.588815E+02    0.194398E+01    0.112574E+01    0.177935E+04    0.121177E+02    0.485571E+00
   0.128995E+03    0.255232E+04   -0.259773E+04   -0.454135E+02    0.196938E+01    0.108470E+01    0.178421E+04    0.121287E+02    0.484248E+00
   0.129495E+03    0.263669E+04   -0.268924E+04   -0.525490E+02    0.203449E+01    0.898144E+00    0.178217E+04    0.121241E+02    0.484802E+00
   0.129995E+03    0.256177E+04   -0.262421E+04   -0.624316E+02    0.197668E+01    0.106942E+01    0.177540E+04    0.121087E+02    0.486650E+00
   0.130495E+03    0.260980E+04   -0.268322E+04   -0.734123E+02    0.201374E+01    0.958719E+00    0.176468E+04    0.120843E+02    0.489608E+00
   0.130995E+03    0.262184E+04   -0.267571E+04   -0.538712E+02    0.202302E+01    0.855127E+00    0.177938E+04    0.121178E+02    0.485562E+00
   0.131495E+03    0.256587E+04   -0.262066E+04   -0.547827E+02    0.197984E+01    0.113783E+01    0.178110E+04    0.121217E+02    0.485093E+00
   0.131995E+03    0.257541E+04   -0.262076E+04   -0.453440E+02    0.198720E+01    0.106244E+01    0.178040E+04    0.121201E+02    0.485285E+00
   0.132495E+03    0.260890E+04   -0.266712E+04   -0.582176E+02    0.201304E+01    0.987152E+00    0.177865E+04    0.121161E+02    0.485762E+00
   0.132995E+03    0.255507E+04   -0.261370E+04   -0.586370E+02    0.197150E+01    0.112550E+01    0.178062E+04    0.121206E+02    0.485225E+00
   0.133495E+03    0.257946E+04   -0.265375E+04   -0.742883E+02    0.199033E+01    0.105301E+01    0.177829E+04    0.121153E+02    0.485859E+00
   0.133995E+03    0.258868E+04   -0.265917E+04   -0.704923E+02    0.199744E+01    0.100296E+01    0.177334E+04    0.121040E+02    0.487216E+00
   0.134495E+03    0.261334E+04   -0.267919E+04   -0.658492E+02    0.201647E+01    0.894943E+00    0.177551E+04    0.121090E+02    0.486621E+00
   0.134995E+03    0.260963E+04   -0.265837E+04   -0.487442E+02    0.201360E+01    0.943436E+00    0.178075E+04    0.121209E+02    0.485190E+00
   0.135495E+03    0.260718E+04   -0.265925E+04   -0.520683E+02    0.201172E+01    0.954591E+00    0.177776E+04    0.121141E+02    0.486005E+00
   0.135995E+03    0.259655E+04   -0.264569E+04   -0.491346E+02    0.200351E+01    0.106107E+01    0.177650E+04    0.121112E+02    0.486350E+00
   0.136495E+03    0.261113E+04   -0.265574E+04   -0.446136E+02    0.201476E+01    0.952541E+00    0.178957E+04    0.121409E+02    0.482797E+00
   0.136995E+03    0.262106E+04   -0.267581E+04   -0.547569E+02    0.202242E+01    0.885567E+00    0.178138E+04    0.121223E+02    0.485017E+00
   0.137495E+03    0.257020E+04   -0.263473E+04   -0.645343E+02    0.198318E+01    0.112208E+01    0.177544E+04    0.121088E+02    0.486639E+00
   0.137995E+03    0.258660E+04   -0.262753E+04   -0.409311E+02    0.199583E+01    0.988786E+00    0.178639E+04    0.121337E+02    0.483657E+00
   0.138495E+03    0.259045E+04   -0.262686E+04   -0.364014E+02    0.199881E+01    0.107743E+01    0.178209E+04    0.121239E+02    0.484825E+00
   0.138995E+03    0.258699E+04   -0.262170E+04   -0.347097E+02    0.199613E+01    0.104880E+01    0.179073E+04    0.121435E+02    0.482486E+00
   0.139495E+03    0.255111E+04   -0.258344E+04   -0.323258E+02    0.196845E+01    0.113277E+01    0.179956E+04    0.121634E+02    0.480117E+00
   0.139995E+03    0.262111E+04   -0.265368E+04   -0.325690E+02    0.202246E+01    0.915435E+00    0.179605E+04    0.121555E+02    0.481055E+00
   0.140495E+03    0.257182E+04   -0.260914E+04   -0.373230E+02    0.198443E+01    0.106119E+01    0.179144E+04    0.121451E+02    0.482293E+00
   0.140995E+03    0.253988E+04   -0.257936E+04   -0.394793E+02    0.195979E+01    0.112345E+01    0.179477E+04    0.121526E+02    0.481400E+00
   0.141495E+03    0.258062E+04   -0.260474E+04   -0.241268E+02    0.199122E+01    0.105191E+01    0.179938E+04    0.121630E+02    0.480164E+00
   0.141995E+03    0.261289E+04   -0.264951E+04   -0.366163E+02    0.201612E+01    0.924020E+00    0.180406E+04    0.121735E+02    0.478921E+00
   0.142495E+03    0.256738E+04   -0.260350E+04   -0.361287E+02    0.198100E+01    0.100968E+01    0.180374E+04    0.121728E+02    0.479005E+00
   0.142995E+03    0.257482E+04   -0.261266E+04   -0.378405E+02    0.198674E+01    0.977938E+00    0.179203E+04    0.121464E+02    0.482136E+00
   0.143495E+03    0.264228E+04   -0.268868E+04   -0.464078E+02    0.203879E+01    0.840201E+00    0.177653E+04    0.121113E+02    0.486340E+00
   0.143995E+03    0.255972E+04   -0.260814E+04   -0.484156E+02    0.197510E+01    0.117891E+01    0.177973E+04    0.121186E+02    0.485466E+00
   0.144495E+03    0.253095E+04   -0.257970E+04   -0.487562E+02    0.195289E+01    0.115719E+01    0.178566E+04    0.121320E+02    0.483855E+00
   0.144995E+03    0.259193E+04   -0.265503E+04   -0.631073E+02    0.199994E+01    0.104085E+01    0.177815E+04    0.121150E+02    0.485898E+00
   0.145495E+03    0.259069E+04   -0.264145E+04   -0.507615E+02    0.199899E+01    0.983819E+00    0.177941E+04    0.121178E+02    0.485555E+00
   0.145995E+03    0.256695E+04   -0.260983E+04   -0.428821E+02    0.198067E+01    0.108386E+01    0.178915E+04    0.121399E+02    0.482912E+00
   0.146495E+03    0.259350E+04   -0.264950E+04   -0.560057E+02    0.200115E+01    0.968131E+00    0.178304E+04    0.121261E+02    0.484566E+00
   0.146995E+03    0.256548E+04   -0.261294E+04   -0.474558E+02    0.197954E+01    0.954513E+00    0.178824E+04    0.121379E+02    0.483157E+00
   0.147495E+03    0.256327E+04   -0.260833E+04   -0.450621E+02    0.197783E+01    0.108757E+01    0.177874E+04    0.121163E+02    0.485736E+00
   0.147995E+03    0.257121E+04   -0.261122E+04   -0.400106E+02    0.198396E+01    0.105870E+01    0.178373E+04    0.121276E+02    0.484378E+00
   0.148495E+03    0.259264E+04   -0.262284E+04   -0.302063E+02    0.200049E+01    0.993668E+00    0.178930E+04    0.121403E+02    0.482870E+00
   0.148995E+03    0.257180E+04   -0.260854E+04   -0.367386E+02    0.198441E+01    0.106632E+01    0.178333E+04    0.121267E+02    0.484487E+00
   0.149495E+03    0.258774E+04   -0.263192E+04   -0.441737E+02    0.199671E+01    0.101896E+01    0.177253E+04    0.121022E+02    0.487438E+00
   0.149995E+03    0.257877E+04   -0.262272E+04   -0.439444E+02    0.198979E+01    0.107268E+01    0.178433E+04    0.121290E+02    0.484215E+00
   0.150495E+03    0.260425E+04   -0.264366E+04   -0.394088E+02    0.200945E+01    0.952817E+00    0.178186E+04    0.121234E+02    0.484886E+00
   0.150995E+03    0.260399E+04   -0.264265E+04   -0.386617E+02    0.200925E+01    0.940861E+00    0.177864E+04    0.121161E+02    0.485766E+00
   0.151495E+03    0.260835E+04   -0.266768E+04   -0.593286E+02    0.201262E+01    0.104185E+01    0.177266E+04    0.121025E+02    0.487402E+00
   0.151995E+03    0.256980E+04   -0.263798E+04   -0.681754E+02    0.198287E+01    0.104217E+01    0.177380E+04    0.121051E+02    0.487090E+00
   0.152495E+03    0.252374E+04   -0.258696E+04   -0.632210E+02    0.194733E+01    0.123437E+01    0.177341E+04    0.121042E+02    0.487197E+00
   0.152995E+03    0.257270E+04   -0.262096E+04   -0.482625E+02    0.198510E+01    0.966226E+00    0.177489E+04    0.121076E+02    0.486791E+00
   0.153495E+03    0.255754E+04   -0.259873E+04   -0.411904E+02    0.197341E+01    0.104723E+01    0.178032E+04    0.121199E+02    0.485306E+00
   0.153995E+03    0.256542E+04   -0.261207E+04   -0.466550E+02    0.197949E+01    0.114427E+01    0.177353E+04    0.121045E+02    0.487164E+00
   0.154495E+03    0.257697E+04   -0.262966E+04   -0.526919E+02    0.198840E+01    0.114126E+01    0.177984E+04    0.121188E+02    0.485438E+00
   0.154995E+03    0.260046E+04   -0.266984E+04   -0.693822E+02    0.200652E+01    0.105404E+01    0.178405E+04    0.121284E+02    0.484291E+00
   0.155495E+03    0.261425E+04   -0.268393E+04   -0.696775E+02    0.201717E+01    0.901383E+00    0.177367E+04    0.121048E+02    0.487127E+00
   0.155995E+03    0.261139E+04   -0.266884E+04   -0.574491E+02    0.201496E+01    0.970908E+00    0.178122E+04    0.121220E+02    0.485061E+00
   0.156495E+03    0.261018E+04   -0.266456E+04   -0.543726E+02    0.201403E+01    0.968562E+00    0.178621E+04    0.121333E+02    0.483704E+00
   0.156995E+03    0.257456E+04   -0.263517E+04   -0.606086E+02    0.198655E+01    0.104367E+01    0.178422E+04    0.121287E+02    0.484246E+00
   0.157495E+03    0.254709E+04   -0.260258E+04   -0.554922E+02    0.196535E+01    0.118299E+01    0.178612E+04    0.121331E+02    0.483730E+00
   0.157995E+03    0.254887E+04   -0.259649E+04   -0.476232E+02    0.196672E+01    0.107767E+01    0.178989E+04    0.121416E+02    0.482712E+00
   0.158495E+03    0.258707E+04   -0.262614E+04   -0.390721E+02    0.199619E+01    0.102243E+01    0.179294E+04    0.121485E+02    0.481890E+00
   0.158995E+03    0.257026E+04   -0.262311E+04   -0.528479E+02    0.198323E+01    0.995771E+00    0.178182E+04    0.121233E+02    0.484899E+00
   0.159495E+03    0.262273E+04   -0.265348E+04   -0.307485E+02    0.202371E+01    0.902782E+00    0.178427E+04    0.121289E+02    0.484233E+00
   0.159995E+03    0.263156E+04   -0.267220E+04   -0.406378E+02    0.203052E+01    0.104038E+01    0.178712E+04    0.121353E+02    0.483461E+00
   0.160495E+03    0.259234E+04   -0.262626E+04   -0.339195E+02    0.200027E+01    0.974785E+00    0.179891E+04    0.121620E+02    0.480291E+00
   0.160995E+03    0.259892E+04   -0.264307E+04   -0.441483E+02    0.200534E+01    0.100621E+01    0.179679E+04    0.121572E+02    0.480858E+00
   0.161495E+03    0.261276E+04   -0.265031E+04   -0.375449E+02    0.201602E+01    0.871013E+00    0.180017E+04    0.121648E+02    0.479956E+00
   0.161995E+03    0.260767E+04   -0.263601E+04   -0.283490E+02    0.201209E+01    0.881984E+00    0.180059E+04    0.121657E+02    0.479843E+00
   0.162495E+03    0.258892E+04   -0.260647E+04   -0.175558E+02    0.199762E+01    0.106870E+01    0.179848E+04    0.121610E+02    0.480406E+00
   0.162995E+03    0.257991E+04   -0.260125E+04   -0.213353E+02    0.199067E+01    0.104903E+01    0.180755E+04    0.121814E+02    0.477996E+00
   0.163495E+03    0.254340E+04   -0.256855E+04   -0.251418E+02    0.196250E+01    0.107239E+01    0.180590E+04    0.121777E+02    0.478432E+00
   0.163995E+03    0.259592E+04   -0.262789E+04   -0.319742E+02    0.200302E+01    0.102163E+01    0.179279E+04    0.121481E+02    0.481932E+00
   0.164495E+03    0.256808E+04   -0.260107E+04   -0.329892E+02    0.198154E+01    0.110619E+01    0.179851E+04    0.121611E+02    0.480397E+00
   0.164995E+03    0.261282E+04   -0.264725E+04   -0.344232E+02    0.201607E+01    0.875834E+00    0.179341E+04    0.121495E+02    0.481764E+00
   0.165495E+03    0.258163E+04   -0.263191E+04   -0.502748E+02    0.199200E+01    0.104155E+01    0.178600E+04    0.121328E+02    0.483763E+00
   0.165995E+03    0.261067E+04   -0.265326E+04   -0.425886E+02    0.201440E+01    0.982733E+00    0.178346E+04    0.121270E+02    0.484452E+00
   0.166495E+03    0.257665E+04   -0.263132E+04   -0.546732E+02    0.198816E+01    0.997251E+00    0.178183E+04    0.121233E+02    0.484895E+00
   0.166995E+03    0.259317E+04   -0.263450E+04   -0.413317E+02    0.200090E+01    0.939919E+00    0.178550E+04    0.121316E+02    0.483899E+00
   0.167495E+03    0.264287E+04   -0.269123E+04   -0.483574E+02    0.203925E+01    0.920543E+00    0.178233E+04    0.121245E+02    0.484758E+00
   0.167995E+03    0.264966E+04   -0.270545E+04   -0.557899E+02    0.204449E+01    0.794587E+00    0.178281E+04    0.121256E+02    0.484629E+00
   0.168495E+03    0.260184E+04   -0.266376E+04   -0.619141E+02    0.200759E+01    0.928250E+00    0.177417E+04    0.121059E+02    0.486988E+00
   0.168995E+03    0.256354E+04   -0.261463E+04   -0.510905E+02    0.197804E+01    0.990445E+00    0.177552E+04    0.121090E+02    0.486619E+00
   0.169495E+03    0.256869E+04   -0.260930E+04   -0.406114E+02    0.198201E+01    0.109897E+01    0.177603E+04    0.121102E+02    0.486479E+00
   0.169995E+03    0.261502E+04   -0.265819E+04   -0.431720E+02    0.201776E+01    0.954792E+00    0.178258E+04    0.121250E+02    0.484690E+00
   0.170495E+03    0.258475E+04   -0.266132E+04   -0.765672E+02    0.199441E+01    0.106490E+01    0.178233E+04    0.121245E+02    0.484760E+00
   0.170995E+03    0.261895E+04   -0.268410E+04   -0.651536E+02    0.202079E+01    0.825195E+00    0.178401E+04    0.121283E+02    0.484303E+00
   0.171495E+03    0.259084E+04   -0.265939E+04   -0.685502E+02    0.199911E+01    0.101663E+01    0.177998E+04    0.121191E+02    0.485400E+00
   0.171995E+03    0.260111E+04   -0.265934E+04   -0.582307E+02    0.200703E+01    0.893891E+00    0.178605E+04    0.121329E+02    0.483749E+00
   0.172495E+03    0.259664E+04   -0.264317E+04   -0.465288E+02    0.200358E+01    0.105277E+01    0.178647E+04    0.121338E+02    0.483636E+00
   0.172995E+03    0.259434E+04   -0.265056E+04   -0.562200E+02    0.200180E+01    0.101204E+01    0.178929E+04    0.121402E+02    0.482874E+00
   0.173495E+03    0.258720E+04   -0.264068E+04   -0.534817E+02    0.199630E+01    0.100658E+01    0.178467E+04    0.121298E+02    0.484123E+00
   0.173995E+03    0.253338E+04   -0.256288E+04   -0.295056E+02    0.195477E+01    0.109058E+01    0.179248E+04    0.121475E+02    0.482012E+00
   0.174495E+03    0.265179E+04   -0.269103E+04   -0.392381E+02    0.204613E+01    0.904193E+00    0.179464E+04    0.121523E+02    0.481433E+00
   0.174995E+03    0.259861E+04   -0.263707E+04   -0.384596E+02    0.200510E+01    0.954673E+00    0.179188E+04    0.121461E+02    0.482176E+00
   0.175495E+03    0.256126E+04   -0.259841E+04   -0.371467E+02    0.197628E+01    0.110270E+01    0.179707E+04    0.121578E+02    0.480782E+00
   0.175995E+03    0.257352E+04   -0.261706E+04   -0.435362E+02    0.198574E+01    0.101533E+01    0.178480E+04    0.121301E+02    0.484089E+00
   0.176495E+03    0.261715E+04   -0.266535E+04   -0.481976E+02    0.201941E+01    0.915759E+00    0.178763E+04    0.121365E+02    0.483323E+00
   0.176995E+03    0.262673E+04   -0.268880E+04   -0.620686E+02    0.202680E+01    0.864598E+00    0.177769E+04    0.121139E+02    0.486024E+00
   0.177495E+03    0.260414E+04   -0.266860E+04   -0.644638E+02    0.200936E+01    0.944913E+00    0.176987E+04    0.120962E+02    0.488170E+00
   0.177995E+03    0.259671E+04   -0.265946E+04   -0.627529E+02    0.200363E+01    0.101949E+01    0.177473E+04    0.121072E+02    0.486834E+00
   0.178495E+03    0.260267E+04   -0.266532E+04   -0.626551E+02    0.200823E+01    0.101878E+01    0.178064E+04    0.121206E+02    0.485218E+00
   0.178995E+03    0.259235E+04   -0.264522E+04   -0.528671E+02    0.200027E+01    0.989870E+00    0.178239E+04    0.121246E+02    0.484743E+00
   0.179495E+03    0.259759E+04   -0.263254E+04   -0.349496E+02    0.200431E+01    0.911645E+00    0.178522E+04    0.121310E+02    0.483974E+00
   0.179995E+03    0.258887E+04   -0.263061E+04   -0.417447E+02    0.199758E+01    0.106894E+01    0.178428E+04    0.121289E+02    0.484230E+00
   0.180495E+03    0.255079E+04   -0.259323E+04   -0.424428E+02    0.196820E+01    0.116403E+01    0.179132E+04    0.121448E+02    0.482325E+00
   0.180995E+03    0.261413E+04   -0.264867E+04   -0.345361E+02    0.201708E+01    0.904016E+00    0.178962E+04    0.121410E+02    0.482783E+00
   0.181495E+03    0.259315E+04   -0.262564E+04   -0.324917E+02    0.200089E+01    0.102248E+01    0.179876E+04    0.121616E+02    0.480331E+00
   0.181995E+03    0.257212E+04   -0.261263E+04   -0.405013E+02    0.198466E+01    0.100360E+01    0.179111E+04    0.121443E+02    0.482383E+00
   0.182495E+03    0.259871E+04   -0.264695E+04   -0.482379E+02    0.200518E+01    0.100134E+01    0.179251E+04    0.121475E+02    0.482005E+00
   0.182995E+03    0.255393E+04   -0.260557E+04   -0.516406E+02    0.197062E+01    0.111442E+01    0.179231E+04    0.121471E+02    0.482059E+00
   0.183495E+03    0.261184E+04   -0.266192E+04   -0.500809E+02    0.201531E+01    0.966365E+00    0.179351E+04    0.121498E+02    0.481736E+00
   0.183995E+03    0.260298E+04   -0.266599E+04   -0.630154E+02    0.200847E+01    0.100348E+01    0.178257E+04    0.121250E+02    0.484692E+00
   0.184495E+03    0.260158E+04   -0.266116E+04   -0.595758E+02    0.200739E+01    0.919918E+00    0.178357E+04    0.121273E+02    0.484422E+00
   0.184995E+03    0.260202E+04   -0.266813E+04   -0.661041E+02    0.200773E+01    0.101631E+01    0.177287E+04    0.121030E+02    0.487344E+00
   0.185495E+03    0.258201E+04   -0.263742E+04   -0.554101E+02    0.199229E+01    0.105325E+01    0.177419E+04    0.121060E+02    0.486981E+00
   0.185995E+03    0.257143E+04   -0.262538E+04   -0.539524E+02    0.198413E+01    0.102803E+01    0.177997E+04    0.121191E+02    0.485401E+00
   0.186495E+03    0.262790E+04   -0.267703E+04   -0.491371E+02    0.202770E+01    0.100049E+01    0.178573E+04    0.121322E+02    0.483835E+00
   0.186995E+03    0.259302E+04   -0.264895E+04   -0.559282E+02    0.200079E+01    0.100942E+01    0.178101E+04    0.121215E+02    0.485118E+00
   0.187495E+03    0.264777E+04   -0.272133E+04   -0.735588E+02    0.204303E+01    0.867858E+00    0.176850E+04    0.120930E+02    0.488549E+00
   0.187995E+03    0.260683E+04   -0.268980E+04   -0.829675E+02    0.201145E+01    0.896632E+00    0.176276E+04    0.120799E+02    0.490142E+00
   0.188495E+03    0.260816E+04   -0.268220E+04   -0.740361E+02    0.201247E+01    0.102117E+01    0.177395E+04    0.121054E+02    0.487047E+00
   0.188995E+03    0.257815E+04   -0.265175E+04   -0.735988E+02    0.198932E+01    0.103416E+01    0.177859E+04    0.121160E+02    0.485777E+00
   0.189495E+03    0.258339E+04   -0.264773E+04   -0.643424E+02    0.199336E+01    0.103796E+01    0.178287E+04    0.121257E+02    0.484611E+00
   0.189995E+03    0.260045E+04   -0.266412E+04   -0.636711E+02    0.200652E+01    0.935665E+00    0.178405E+04    0.121284E+02    0.484290E+00
   0.190495E+03    0.258301E+04   -0.264858E+04   -0.655746E+02    0.199306E+01    0.981100E+00    0.177286E+04    0.121030E+02    0.487348E+00
   0.190995E+03    0.261093E+04   -0.266824E+04   -0.573144E+02    0.201461E+01    0.934932E+00    0.177494E+04    0.121077E+02    0.486778E+00
   0.191495E+03    0.259077E+04   -0.266337E+04   -0.726011E+02    0.199905E+01    0.995115E+00    0.178279E+04    0.121255E+02    0.484635E+00
   0.191995E+03    0.257941E+04   -0.264666E+04   -0.672515E+02    0.199029E+01    0.940206E+00    0.178215E+04    0.121241E+02    0.484807E+00
   0.192495E+03    0.257393E+04   -0.264097E+04   -0.670419E+02    0.198605E+01    0.107896E+01    0.177734E+04    0.121131E+02    0.486120E+00
   0.192995E+03    0.265152E+04   -0.269787E+04   -0.463530E+02    0.204592E+01    0.811046E+00    0.178600E+04    0.121328E+02    0.483761E+00
   0.193495E+03    0.262081E+04   -0.265776E+04   -0.369483E+02    0.202223E+01    0.841178E+00    0.178649E+04    0.121339E+02    0.483631E+00
   0.193995E+03    0.260289E+04   -0.263711E+04   -0.342174E+02    0.200840E+01    0.103367E+01    0.178731E+04    0.121358E+02    0.483407E+00
   0.194495E+03    0.262689E+04   -0.266851E+04   -0.416245E+02    0.202692E+01    0.922034E+00    0.179059E+04    0.121432E+02    0.482523E+00
   0.194995E+03    0.259881E+04   -0.264832E+04   -0.495111E+02    0.200526E+01    0.928560E+00    0.179462E+04    0.121523E+02    0.481439E+00
   0.195495E+03    0.262528E+04   -0.267636E+04   -0.510745E+02    0.202568E+01    0.872714E+00    0.178358E+04    0.121273E+02    0.484420E+00
   0.195995E+03    0.257696E+04   -0.262943E+04   -0.524608E+02    0.198840E+01    0.111473E+01    0.177959E+04    0.121183E+02    0.485505E+00
   0.196495E+03    0.254075E+04   -0.258291E+04   -0.421630E+02    0.196045E+01    0.108623E+01    0.178798E+04    0.121373E+02    0.483227E+00
   0.196995E+03    0.260798E+04   -0.266015E+04   -0.521728E+02    0.201233E+01    0.102448E+01    0.177192E+04    0.121008E+02    0.487606E+00
   0.197495E+03    0.259717E+04   -0.266954E+04   -0.723728E+02    0.200399E+01    0.101618E+01    0.177574E+04    0.121095E+02    0.486559E+00
   0.197995E+03    0.259957E+04   -0.268060E+04   -0.810280E+02    0.200584E+01    0.914928E+00    0.176327E+04    0.120811E+02    0.489998E+00
   0.198495E+03    0.256243E+04   -0.262681E+04   -0.643773E+02    0.197718E+01    0.114880E+01    0.177035E+04    0.120972E+02    0.488039E+00
   0.198995E+03    0.260435E+04   -0.266244E+04   -0.580904E+02    0.200953E+01    0.965274E+00    0.177182E+04    0.121006E+02    0.487634E+00
   0.199495E+03    0.258848E+04   -0.265251E+04   -0.640260E+02    0.199728E+01    0.103848E+01    0.177641E+04    0.121110E+02    0.486374E+00
   0.199995E+03    0.254357E+04   -0.259660E+04   -0.530299E+02    0.196263E+01    0.106807E+01    0.177857E+04    0.121159E+02    0.485785E+00
   0.200495E+03    0.259999E+04   -0.265819E+04   -0.582008E+02    0.200617E+01    0.972772E+00    0.178316E+04    0.121263E+02    0.484534E+00
   0.200995E+03    0.256033E+04   -0.260823E+04   -0.479040E+02    0.197556E+01    0.106267E+01    0.178865E+04    0.121388E+02    0.483046E+00
   0.201495E+03    0.261033E+04   -0.266153E+04   -0.511953E+02    0.201414E+01    0.971587E+00    0.178858E+04    0.121386E+02    0.483065E+00
   0.201995E+03    0.260510E+04   -0.266852E+04   -0.634160E+02    0.201011E+01    0.871661E+00    0.177699E+04    0.121123E+02    0.486215E+00
   0.202495E+03    0.253838E+04   -0.258596E+04   -0.475865E+02    0.195862E+01    0.113222E+01    0.178418E+04    0.121287E+02    0.484255E+00
   0.202995E+03    0.257127E+04   -0.261305E+04   -0.417733E+02    0.198401E+01    0.109066E+01    0.178225E+04    0.121243E+02    0.484782E+00
   0.203495E+03    0.255734E+04   -0.259894E+04   -0.416026E+02    0.197326E+01    0.111287E+01    0.178569E+04    0.121321E+02    0.483846E+00
   0.203995E+03    0.259986E+04   -0.263029E+04   -0.304264E+02    0.200607E+01    0.101350E+01    0.178865E+04    0.121388E+02    0.483046E+00
   0.204495E+03    0.258365E+04   -0.260120E+04   -0.175566E+02    0.199355E+01    0.104336E+01    0.179889E+04    0.121619E+02    0.480295E+00
   0.204995E+03    0.263056E+04   -0.263259E+04   -0.203123E+01    0.202975E+01    0.882206E+00    0.180707E+04    0.121803E+02    0.478121E+00
   0.205495E+03    0.258278E+04   -0.259015E+04   -0.737199E+01    0.199289E+01    0.997610E+00    0.181012E+04    0.121872E+02    0.477315E+00
   0.205995E+03    0.259998E+04   -0.260279E+04   -0.281179E+01    0.200616E+01    0.968832E+00    0.181022E+04    0.121874E+02    0.477290E+00
   0.206495E+03    0.262891E+04   -0.263353E+04   -0.462690E+01    0.202848E+01    0.834474E+00    0.180147E+04    0.121677E+02    0.479608E+00
   0.206995E+03    0.266507E+04   -0.268357E+04   -0.184995E+02    0.205638E+01    0.795980E+00    0.179833E+04    0.121606E+02    0.480445E+00
   0.207495E+03    0.256053E+04   -0.259352E+04   -0.329848E+02    0.197572E+01    0.105239E+01    0.179261E+04    0.121477E+02    0.481980E+00
   0.207995E+03    0.262847E+04   -0.266663E+04   -0.381662E+02    0.202814E+01    0.896710E+00    0.179060E+04    0.121432E+02    0.482520E+00
   0.208495E+03    0.254191E+04   -0.258535E+04   -0.434482E+02    0.196135E+01    0.110347E+01    0.178659E+04    0.121341E+02    0.483602E+00
   0.208995E+03    0.262928E+04   -0.266087E+04   -0.315904E+02    0.202876E+01    0.913342E+00    0.178471E+04    0.121299E+02    0.484112E+00
   0.209495E+03    0.263015E+04   -0.266397E+04   -0.338176E+02    0.202944E+01    0.882169E+00    0.179087E+04    0.121438E+02    0.482447E+00
   0.209995E+03    0.262590E+04   -0.267313E+04   -0.472269E+02    0.202616E+01    0.103712E+01    0.179852E+04    0.121611E+02    0.480396E+00
   0.210495E+03    0.259236E+04   -0.263975E+04   -0.473909E+02    0.200028E+01    0.859431E+00    0.179007E+04    0.121420E+02    0.482663E+00
   0.210995E+03    0.262424E+04   -0.266955E+04   -0.453110E+02    0.202487E+01    0.967456E+00    0.179029E+04    0.121425E+02    0.482604E+00
   0.211495E+03    0.252896E+04   -0.257281E+04   -0.438480E+02    0.195136E+01    0.113276E+01    0.179784E+04    0.121595E+02    0.480578E+00
   0.211995E+03    0.256285E+04   -0.260333E+04   -0.404792E+02    0.197751E+01    0.975349E+00    0.178772E+04    0.121367E+02    0.483297E+00
   0.212495E+03    0.261293E+04   -0.265112E+04   -0.381876E+02    0.201615E+01    0.921927E+00    0.178513E+04    0.121308E+02    0.483997E+00
   0.212995E+03    0.249262E+04   -0.254425E+04   -0.516259E+02    0.192332E+01    0.133888E+01    0.178990E+04    0.121416E+02    0.482708E+00
   0.213495E+03    0.258950E+04   -0.264601E+04   -0.565088E+02    0.199807E+01    0.108484E+01    0.179222E+04    0.121469E+02    0.482083E+00
   0.213995E+03    0.257715E+04   -0.263172E+04   -0.545698E+02    0.198854E+01    0.107144E+01    0.178829E+04    0.121380E+02    0.483142E+00
   0.214495E+03    0.263961E+04   -0.270114E+04   -0.615238E+02    0.203674E+01    0.867600E+00    0.178422E+04    0.121288E+02    0.484244E+00
   0.214995E+03    0.249647E+04   -0.255161E+04   -0.551423E+02    0.192629E+01    0.124272E+01    0.179038E+04    0.121427E+02    0.482579E+00
   0.215495E+03    0.258786E+04   -0.263145E+04   -0.435907E+02    0.199681E+01    0.100075E+01    0.178867E+04    0.121388E+02    0.483042E+00
   0.215995E+03    0.260923E+04   -0.266722E+04   -0.579908E+02    0.201330E+01    0.972631E+00    0.177588E+04    0.121098E+02    0.486519E+00
   0.216495E+03    0.260831E+04   -0.266246E+04   -0.541457E+02    0.201259E+01    0.918398E+00    0.178852E+04    0.121385E+02    0.483080E+00
   0.216995E+03    0.258689E+04   -0.266875E+04   -0.818652E+02    0.199605E+01    0.987453E+00    0.177302E+04    0.121033E+02    0.487304E+00
   0.217495E+03    0.256220E+04   -0.264063E+04   -0.784386E+02    0.197700E+01    0.104425E+01    0.177824E+04    0.121152E+02    0.485873E+00
   0.217995E+03    0.260046E+04   -0.266182E+04   -0.613642E+02    0.200653E+01    0.878513E+00    0.178138E+04    0.121223E+02    0.485016E+00
   0.218495E+03    0.257903E+04   -0.262469E+04   -0.456587E+02    0.198999E+01    0.103122E+01    0.177920E+04    0.121174E+02    0.485612E+00
   0.218995E+03    0.255123E+04   -0.259262E+04   -0.413820E+02    0.196854E+01    0.109389E+01    0.178561E+04    0.121319E+02    0.483868E+00
   0.219495E+03    0.260570E+04   -0.266183E+04   -0.561250E+02    0.201057E+01    0.986163E+00    0.177685E+04    0.121120E+02    0.486254E+00
   0.219995E+03    0.262319E+04   -0.267607E+04   -0.528876E+02    0.202406E+01    0.101222E+01    0.178731E+04    0.121357E+02    0.483409E+00
   0.220495E+03    0.256781E+04   -0.264150E+04   -0.736941E+02    0.198133E+01    0.106581E+01    0.178141E+04    0.121224E+02    0.485010E+00
   0.220995E+03    0.259977E+04   -0.264928E+04   -0.495074E+02    0.200599E+01    0.907161E+00    0.178874E+04    0.121390E+02    0.483022E+00
   0.221495E+03    0.257495E+04   -0.261258E+04   -0.376299E+02    0.198684E+01    0.981862E+00    0.178508E+04    0.121307E+02    0.484011E+00
   0.221995E+03    0.260246E+04   -0.263658E+04   -0.341240E+02    0.200807E+01    0.992817E+00    0.178269E+04    0.121253E+02    0.484662E+00
   0.222495E+03    0.254421E+04   -0.258313E+04   -0.389131E+02    0.196313E+01    0.116562E+01    0.178286E+04    0.121257E+02    0.484614E+00
   0.222995E+03    0.263528E+04   -0.268124E+04   -0.459592E+02    0.203339E+01    0.931772E+00    0.178314E+04    0.121263E+02    0.484539E+00
   0.223495E+03    0.261822E+04   -0.269000E+04   -0.717790E+02    0.202023E+01    0.906912E+00    0.177447E+04    0.121066E+02    0.486905E+00
   0.223995E+03    0.258980E+04   -0.265860E+04   -0.687981E+02    0.199830E+01    0.987727E+00    0.177596E+04    0.121100E+02    0.486496E+00
   0.224495E+03    0.265406E+04   -0.271978E+04   -0.657225E+02    0.204788E+01    0.780499E+00    0.177533E+04    0.121086E+02    0.486671E+00
   0.224995E+03    0.257478E+04   -0.264401E+04   -0.692328E+02    0.198671E+01    0.104659E+01    0.177865E+04    0.121161E+02    0.485763E+00
   0.225495E+03    0.253120E+04   -0.259320E+04   -0.619971E+02    0.195309E+01    0.116974E+01    0.177684E+04    0.121120E+02    0.486257E+00
   0.225995E+03    0.256834E+04   -0.262384E+04   -0.554971E+02    0.198175E+01    0.106452E+01    0.179073E+04    0.121435E+02    0.482485E+00
   0.226495E+03    0.258496E+04   -0.263065E+04   -0.456942E+02    0.199457E+01    0.100722E+01    0.179008E+04    0.121420E+02    0.482659E+00
   0.226995E+03    0.259415E+04   -0.264708E+04   -0.529349E+02    0.200166E+01    0.102718E+01    0.178544E+04    0.121315E+02    0.483915E+00
   0.227495E+03    0.258030E+04   -0.262734E+04   -0.470428E+02    0.199097E+01    0.103360E+01    0.179318E+04    0.121490E+02    0.481826E+00
   0.227995E+03    0.259345E+04   -0.263429E+04   -0.408390E+02    0.200112E+01    0.949097E+00    0.178757E+04    0.121363E+02    0.483339E+00
   0.228495E+03    0.259697E+04   -0.264796E+04   -0.509934E+02    0.200384E+01    0.990679E+00    0.177743E+04    0.121133E+02    0.486096E+00
   0.228995E+03    0.259533E+04   -0.265892E+04   -0.635950E+02    0.200257E+01    0.103773E+01    0.178023E+04    0.121197E+02    0.485332E+00
   0.229495E+03    0.261003E+04   -0.267114E+04   -0.611113E+02    0.201391E+01    0.872190E+00    0.178363E+04    0.121274E+02    0.484406E+00
   0.229995E+03    0.260254E+04   -0.266168E+04   -0.591454E+02    0.200813E+01    0.875451E+00    0.177859E+04    0.121160E+02    0.485778E+00
   0.230495E+03    0.259716E+04   -0.266166E+04   -0.644954E+02    0.200398E+01    0.106863E+01    0.177522E+04    0.121083E+02    0.486699E+00
   0.230995E+03    0.258560E+04   -0.264127E+04   -0.556654E+02    0.199506E+01    0.943444E+00    0.178218E+04    0.121241E+02    0.484799E+00
   0.231495E+03    0.266404E+04   -0.271714E+04   -0.531014E+02    0.205559E+01    0.810422E+00    0.178012E+04    0.121194E+02    0.485361E+00
   0.231995E+03    0.257894E+04   -0.263008E+04   -0.511416E+02    0.198992E+01    0.940701E+00    0.178400E+04    0.121282E+02    0.484306E+00
   0.232495E+03    0.259903E+04   -0.266096E+04   -0.619376E+02    0.200542E+01    0.100083E+01    0.177275E+04    0.121027E+02    0.487378E+00
   0.232995E+03    0.256353E+04   -0.261144E+04   -0.479112E+02    0.197803E+01    0.948729E+00    0.178279E+04    0.121255E+02    0.484634E+00
   0.233495E+03    0.262231E+04   -0.267383E+04   -0.515184E+02    0.202339E+01    0.925900E+00    0.176728E+04    0.120903E+02    0.488886E+00
   0.233995E+03    0.259120E+04   -0.265449E+04   -0.632839E+02    0.199939E+01    0.104884E+01    0.176667E+04    0.120889E+02    0.489056E+00
   0.234495E+03    0.260007E+04   -0.266143E+04   -0.613535E+02    0.200623E+01    0.965819E+00    0.177622E+04    0.121106E+02    0.486426E+00
   0.234995E+03    0.256987E+04   -0.260352E+04   -0.336482E+02    0.198292E+01    0.107484E+01    0.178218E+04    0.121241E+02    0.484800E+00
   0.235495E+03    0.262196E+04   -0.265494E+04   -0.329733E+02    0.202312E+01    0.885160E+00    0.178411E+04    0.121285E+02    0.484276E+00
   0.235995E+03    0.259277E+04   -0.263963E+04   -0.468583E+02    0.200059E+01    0.111828E+01    0.178436E+04    0.121291E+02    0.484207E+00
   0.236495E+03    0.261748E+04   -0.267723E+04   -0.597433E+02    0.201966E+01    0.897293E+00    0.178357E+04    0.121273E+02    0.484422E+00
   0.236995E+03    0.263089E+04   -0.269206E+04   -0.611732E+02    0.203001E+01    0.815986E+00    0.178039E+04    0.121201E+02    0.485287E+00
   0.237495E+03    0.256715E+04   -0.261912E+04   -0.519761E+02    0.198082E+01    0.109060E+01    0.178590E+04    0.121326E+02    0.483789E+00
   0.237995E+03    0.260394E+04   -0.265559E+04   -0.516569E+02    0.200921E+01    0.982928E+00    0.178783E+04    0.121369E+02    0.483269E+00
   0.238495E+03    0.263171E+04   -0.269280E+04   -0.610912E+02    0.203064E+01    0.881880E+00    0.177830E+04    0.121153E+02    0.485857E+00
   0.238995E+03    0.259220E+04   -0.264889E+04   -0.566869E+02    0.200015E+01    0.101392E+01    0.177811E+04    0.121149E+02    0.485909E+00
   0.239495E+03    0.261254E+04   -0.265924E+04   -0.467011E+02    0.201585E+01    0.882623E+00    0.178978E+04    0.121413E+02    0.482741E+00
   0.239995E+03    0.254837E+04   -0.258205E+04   -0.336738E+02    0.196634E+01    0.111011E+01    0.179394E+04    0.121507E+02    0.481621E+00
   0.240495E+03    0.260373E+04   -0.263068E+04   -0.269546E+02    0.200905E+01    0.101344E+01    0.180806E+04    0.121825E+02    0.477860E+00
   0.240995E+03    0.258069E+04   -0.260593E+04   -0.252455E+02    0.199127E+01    0.108069E+01    0.180577E+04    0.121774E+02    0.478466E+00
   0.241495E+03    0.256782E+04   -0.259021E+04   -0.223872E+02    0.198134E+01    0.993472E+00    0.180469E+04    0.121750E+02    0.478751E+00
   0.241995E+03    0.255438E+04   -0.258042E+04   -0.260442E+02    0.197097E+01    0.117974E+01    0.180662E+04    0.121793E+02    0.478241E+00
   0.242495E+03    0.259318E+04   -0.261717E+04   -0.239887E+02    0.200091E+01    0.901482E+00    0.180095E+04    0.121666E+02    0.479746E+00
   0.242995E+03    0.257301E+04   -0.259073E+04   -0.177120E+02    0.198535E+01    0.105069E+01    0.179719E+04    0.121581E+02    0.480751E+00
   0.243495E+03    0.258563E+04   -0.260439E+04   -0.187621E+02    0.199509E+01    0.105018E+01    0.180673E+04    0.121795E+02    0.478212E+00
   0.243995E+03    0.258544E+04   -0.261895E+04   -0.335094E+02    0.199494E+01    0.102250E+01    0.179768E+04    0.121592E+02    0.480618E+00
   0.244495E+03    0.263605E+04   -0.267323E+04   -0.371770E+02    0.203399E+01    0.818048E+00    0.179436E+04    0.121517E+02    0.481509E+00
   0.244995E+03    0.262862E+04   -0.267621E+04   -0.475826E+02    0.202826E+01    0.887435E+00    0.178361E+04    0.121274E+02    0.484412E+00
   0.245495E+03    0.259270E+04   -0.265344E+04   -0.607440E+02    0.200054E+01    0.101212E+01    0.177760E+04    0.121137E+02    0.486048E+00
   0.245995E+03    0.261076E+04   -0.266414E+04   -0.533778E+02    0.201448E+01    0.886600E+00    0.178012E+04    0.121195E+02    0.485361E+00
   0.246495E+03    0.253477E+04   -0.258302E+04   -0.482572E+02    0.195584E+01    0.108322E+01    0.177452E+04    0.121067E+02    0.486892E+00
   0.246995E+03    0.260167E+04   -0.266248E+04   -0.608090E+02    0.200746E+01    0.105981E+01    0.176995E+04    0.120963E+02    0.488149E+00
   0.247495E+03    0.256308E+04   -0.263225E+04   -0.691702E+02    0.197769E+01    0.985609E+00    0.177423E+04    0.121061E+02    0.486972E+00
   0.247995E+03    0.258887E+04   -0.265749E+04   -0.686146E+02    0.199759E+01    0.100316E+01    0.176611E+04    0.120876E+02    0.489210E+00
   0.248495E+03    0.262629E+04   -0.270078E+04   -0.744911E+02    0.202646E+01    0.868723E+00    0.176745E+04    0.120906E+02    0.488841E+00
   0.248995E+03    0.258170E+04   -0.265838E+04   -0.766749E+02    0.199205E+01    0.992209E+00    0.176805E+04    0.120920E+02    0.488674E+00
   0.249495E+03    0.264245E+04   -0.271341E+04   -0.709658E+02    0.203893E+01    0.859379E+00    0.177728E+04    0.121130E+02    0.486136E+00
   0.249995E+03    0.264540E+04   -0.271768E+04   -0.722821E+02    0.204120E+01    0.807238E+00    0.178072E+04    0.121208E+02    0.485196E+00
   0.250495E+03    0.261372E+04   -0.267527E+04   -0.615518E+02    0.201676E+01    0.984919E+00    0.177539E+04    0.121087E+02    0.486654E+00
   0.250995E+03    0.256048E+04   -0.262979E+04   -0.693099E+02    0.197568E+01    0.112117E+01    0.178325E+04    0.121265E+02    0.484510E+00
   0.251495E+03    0.256343E+04   -0.262337E+04   -0.599381E+02    0.197796E+01    0.111947E+01    0.178746E+04    0.121361E+02    0.483368E+00
   0.251995E+03    0.263697E+04   -0.269039E+04   -0.534242E+02    0.203470E+01    0.873461E+00    0.178612E+04    0.121331E+02    0.483730E+00
   0.252495E+03    0.260877E+04   -0.267350E+04   -0.647327E+02    0.201294E+01    0.984897E+00    0.178250E+04    0.121248E+02    0.484713E+00
   0.252995E+03    0.260617E+04   -0.267183E+04   -0.656558E+02    0.201094E+01    0.872881E+00    0.177040E+04    0.120974E+02    0.488024E+00
   0.253495E+03    0.258061E+04   -0.264010E+04   -0.594947E+02    0.199121E+01    0.962381E+00    0.176943E+04    0.120952E+02    0.488292E+00
   0.253995E+03    0.261296E+04   -0.267521E+04   -0.622464E+02    0.201618E+01    0.941291E+00    0.176924E+04    0.120947E+02    0.488345E+00
   0.254495E+03    0.258225E+04   -0.265267E+04   -0.704272E+02    0.199247E+01    0.105969E+01    0.176447E+04    0.120838E+02    0.489664E+00
   0.254995E+03    0.258922E+04   -0.266097E+04   -0.717509E+02    0.199785E+01    0.869223E+00    0.176090E+04    0.120757E+02    0.490658E+00
   0.255495E+03    0.261064E+04   -0.268967E+04   -0.790269E+02    0.201438E+01    0.893986E+00    0.175456E+04    0.120612E+02    0.492431E+00
   0.255995E+03    0.256077E+04   -0.263444E+04   -0.736667E+02    0.197591E+01    0.109616E+01    0.175388E+04    0.120596E+02    0.492622E+00
   0.256495E+03    0.257088E+04   -0.265560E+04   -0.847276E+02    0.198370E+01    0.117213E+01    0.175713E+04    0.120671E+02    0.491710E+00
   0.256995E+03    0.259607E+04   -0.268125E+04   -0.851852E+02    0.200314E+01    0.952338E+00    0.175751E+04    0.120679E+02    0.491605E+00
   0.257495E+03    0.258288E+04   -0.267579E+04   -0.929057E+02    0.199296E+01    0.100092E+01    0.175558E+04    0.120635E+02    0.492144E+00
   0.257995E+03    0.259441E+04   -0.268784E+04   -0.934340E+02    0.200186E+01    0.998305E+00    0.175728E+04    0.120674E+02    0.491669E+00
   0.258495E+03    0.258341E+04   -0.266829E+04   -0.848858E+02    0.199337E+01    0.104740E+01    0.176644E+04    0.120883E+02    0.489118E+00
   0.258995E+03    0.254832E+04   -0.262516E+04   -0.768435E+02    0.196629E+01    0.108082E+01    0.177220E+04    0.121015E+02    0.487530E+00
   0.259495E+03    0.258532E+04   -0.264245E+04   -0.571276E+02    0.199485E+01    0.930558E+00    0.177973E+04    0.121186E+02    0.485468E+00
   0.259995E+03    0.261175E+04   -0.267558E+04   -0.638332E+02    0.201524E+01    0.100862E+01    0.176933E+04    0.120949E+02    0.488321E+00
   0.260495E+03    0.255286E+04   -0.262177E+04   -0.689097E+02    0.196980E+01    0.120147E+01    0.177205E+04    0.121011E+02    0.487570E+00
   0.260995E+03    0.261309E+04   -0.266300E+04   -0.499125E+02    0.201627E+01    0.908398E+00    0.177879E+04    0.121164E+02    0.485723E+00
   0.261495E+03    0.260696E+04   -0.266174E+04   -0.547720E+02    0.201155E+01    0.106541E+01    0.177932E+04    0.121176E+02    0.485579E+00
   0.261995E+03    0.260892E+04   -0.266798E+04   -0.590653E+02    0.201305E+01    0.983482E+00    0.178904E+04    0.121397E+02    0.482941E+00
   0.262495E+03    0.254667E+04   -0.260266E+04   -0.559931E+02    0.196502E+01    0.105382E+01    0.178453E+04    0.121295E+02    0.484161E+00
   0.262995E+03    0.260091E+04   -0.264816E+04   -0.472433E+02    0.200688E+01    0.103927E+01    0.178709E+04    0.121352E+02    0.483468E+00
   0.263495E+03    0.257211E+04   -0.261503E+04   -0.429227E+02    0.198465E+01    0.110952E+01    0.179451E+04    0.121520E+02    0.481469E+00
   0.263995E+03    0.261864E+04   -0.265761E+04   -0.389748E+02    0.202055E+01    0.861517E+00    0.178557E+04    0.121318E+02    0.483878E+00
   0.264495E+03    0.256015E+04   -0.260283E+04   -0.426865E+02    0.197542E+01    0.109323E+01    0.178404E+04    0.121283E+02    0.484295E+00
   0.264995E+03    0.260105E+04   -0.264077E+04   -0.397276E+02    0.200698E+01    0.936275E+00    0.178722E+04    0.121356E+02    0.483432E+00
   0.265495E+03    0.257095E+04   -0.258365E+04   -0.126979E+02    0.198376E+01    0.102994E+01    0.179591E+04    0.121552E+02    0.481093E+00
   0.265995E+03    0.265572E+04   -0.266943E+04   -0.137123E+02    0.204917E+01    0.844527E+00    0.179076E+04    0.121435E+02    0.482478E+00
   0.266495E+03    0.260150E+04   -0.262641E+04   -0.249015E+02    0.200733E+01    0.974197E+00    0.179490E+04    0.121529E+02    0.481363E+00
   0.266995E+03    0.259695E+04   -0.261055E+04   -0.136027E+02    0.200382E+01    0.941935E+00    0.179639E+04    0.121563E+02    0.480965E+00
   0.267495E+03    0.264177E+04   -0.267358E+04   -0.318153E+02    0.203840E+01    0.940437E+00    0.179247E+04    0.121474E+02    0.482017E+00
   0.267995E+03    0.263968E+04   -0.268209E+04   -0.424084E+02    0.203679E+01    0.920685E+00    0.179827E+04    0.121605E+02    0.480461E+00
   0.268495E+03    0.259005E+04   -0.262924E+04   -0.391973E+02    0.199849E+01    0.922166E+00    0.178900E+04    0.121396E+02    0.482952E+00
   0.268995E+03    0.265256E+04   -0.267608E+04   -0.235204E+02    0.204673E+01    0.780081E+00    0.178995E+04    0.121417E+02    0.482694E+00
   0.269495E+03    0.262327E+04   -0.266392E+04   -0.406481E+02    0.202413E+01    0.992594E+00    0.179116E+04    0.121445E+02    0.482370E+00
   0.269995E+03    0.253341E+04   -0.257143E+04   -0.380202E+02    0.195479E+01    0.112687E+01    0.178799E+04    0.121373E+02    0.483224E+00
   0.270495E+03    0.263018E+04   -0.267468E+04   -0.444924E+02    0.202946E+01    0.830567E+00    0.178716E+04    0.121354E+02    0.483449E+00
   0.270995E+03    0.259602E+04   -0.264828E+04   -0.522555E+02    0.200311E+01    0.964807E+00    0.178063E+04    0.121206E+02    0.485222E+00
   0.271495E+03    0.259823E+04   -0.265062E+04   -0.523885E+02    0.200481E+01    0.101444E+01    0.177910E+04    0.121171E+02    0.485639E+00
   0.271995E+03    0.254523E+04   -0.261161E+04   -0.663845E+02    0.196391E+01    0.111819E+01    0.177651E+04    0.121113E+02    0.486347E+00
   0.272495E+03    0.258710E+04   -0.264169E+04   -0.545846E+02    0.199622E+01    0.100261E+01    0.178209E+04    0.121239E+02    0.484824E+00
   0.272995E+03    0.258519E+04   -0.265026E+04   -0.650619E+02    0.199475E+01    0.976126E+00    0.178008E+04    0.121194E+02    0.485371E+00
   0.273495E+03    0.258785E+04   -0.264794E+04   -0.600876E+02    0.199680E+01    0.102691E+01    0.177628E+04    0.121107E+02    0.486410E+00
   0.273995E+03    0.260657E+04   -0.265893E+04   -0.523592E+02    0.201125E+01    0.956839E+00    0.177913E+04    0.121172E+02    0.485630E+00
   0.274495E+03    0.256507E+04   -0.261470E+04   -0.496267E+02    0.197922E+01    0.111403E+01    0.177607E+04    0.121103E+02    0.486467E+00
   0.274995E+03    0.263308E+04   -0.268530E+04   -0.522188E+02    0.203170E+01    0.941389E+00    0.177869E+04    0.121162E+02    0.485751E+00
   0.275495E+03    0.259658E+04   -0.267087E+04   -0.742882E+02    0.200353E+01    0.103276E+01    0.177468E+04    0.121071E+02    0.486849E+00
   0.275995E+03    0.263055E+04   -0.270721E+04   -0.766671E+02    0.202974E+01    0.913741E+00    0.177502E+04    0.121079E+02    0.486754E+00
   0.276495E+03    0.254038E+04   -0.260343E+04   -0.630543E+02    0.196017E+01    0.101990E+01    0.177336E+04    0.121041E+02    0.487210E+00
   0.276995E+03    0.255859E+04   -0.261003E+04   -0.514400E+02    0.197422E+01    0.103059E+01    0.177766E+04    0.121139E+02    0.486031E+00
   0.277495E+03    0.262071E+04   -0.268249E+04   -0.617819E+02    0.202215E+01    0.902864E+00    0.177287E+04    0.121030E+02    0.487345E+00
   0.277995E+03    0.259303E+04   -0.267531E+04   -0.822838E+02    0.200079E+01    0.106655E+01    0.176699E+04    0.120896E+02    0.488968E+00
   0.278495E+03    0.257096E+04   -0.264773E+04   -0.767723E+02    0.198376E+01    0.109109E+01    0.176780E+04    0.120914E+02    0.488744E+00
   0.278995E+03    0.263044E+04   -0.269771E+04   -0.672694E+02    0.202966E+01    0.876066E+00    0.177520E+04    0.121083E+02    0.486706E+00
   0.279495E+03    0.260501E+04   -0.266951E+04   -0.645055E+02    0.201004E+01    0.968408E+00    0.177992E+04    0.121190E+02    0.485416E+00
   0.279995E+03    0.256870E+04   -0.265180E+04   -0.830927E+02    0.198203E+01    0.112422E+01    0.176888E+04    0.120939E+02    0.488445E+00
   0.280495E+03    0.261357E+04   -0.270581E+04   -0.922420E+02    0.201665E+01    0.941175E+00    0.177273E+04    0.121027E+02    0.487384E+00
   0.280995E+03    0.256959E+04   -0.264247E+04   -0.728823E+02    0.198271E+01    0.101226E+01    0.177296E+04    0.121032E+02    0.487321E+00
   0.281495E+03    0.260882E+04   -0.266860E+04   -0.597845E+02    0.201298E+01    0.932365E+00    0.178104E+04    0.121215E+02    0.485109E+00
   0.281995E+03    0.263973E+04   -0.269709E+04   -0.573621E+02    0.203683E+01    0.839135E+00    0.177461E+04    0.121069E+02    0.486867E+00
   0.282495E+03    0.260759E+04   -0.267489E+04   -0.673090E+02    0.201203E+01    0.931676E+00    0.176983E+04    0.120961E+02    0.488182E+00
   0.282995E+03    0.258662E+04   -0.265423E+04   -0.676061E+02    0.199585E+01    0.950462E+00    0.176897E+04    0.120941E+02    0.488419E+00
   0.283495E+03    0.260220E+04   -0.265153E+04   -0.493308E+02    0.200787E+01    0.960468E+00    0.177799E+04    0.121146E+02    0.485942E+00
   0.283995E+03    0.258191E+04   -0.262730E+04   -0.453834E+02    0.199222E+01    0.107472E+01    0.177951E+04    0.121181E+02    0.485527E+00
   0.284495E+03    0.257871E+04   -0.261810E+04   -0.393967E+02    0.198974E+01    0.105181E+01    0.179349E+04    0.121497E+02    0.481743E+00
   0.284995E+03    0.260070E+04   -0.264941E+04   -0.487117E+02    0.200671E+01    0.933158E+00    0.179626E+04    0.121560E+02    0.480999E+00
   0.285495E+03    0.264183E+04   -0.269695E+04   -0.551137E+02    0.203845E+01    0.815855E+00    0.178360E+04    0.121273E+02    0.484414E+00
   0.285995E+03    0.257567E+04   -0.262813E+04   -0.524610E+02    0.198740E+01    0.998043E+00    0.177982E+04    0.121188E+02    0.485443E+00
   0.286495E+03    0.259649E+04   -0.263269E+04   -0.362012E+02    0.200347E+01    0.966282E+00    0.178232E+04    0.121245E+02    0.484760E+00
   0.286995E+03    0.254805E+04   -0.260827E+04   -0.602205E+02    0.196609E+01    0.120711E+01    0.177304E+04    0.121034E+02    0.487299E+00
   0.287495E+03    0.259827E+04   -0.265159E+04   -0.533177E+02    0.200484E+01    0.948163E+00    0.178333E+04    0.121267E+02    0.484488E+00
   0.287995E+03    0.256557E+04   -0.261489E+04   -0.493159E+02    0.197961E+01    0.109684E+01    0.178149E+04    0.121226E+02    0.484986E+00
   0.288495E+03    0.256273E+04   -0.260013E+04   -0.373982E+02    0.197742E+01    0.100789E+01    0.178478E+04    0.121300E+02    0.484092E+00
   0.288995E+03    0.257760E+04   -0.260368E+04   -0.260798E+02    0.198889E+01    0.100082E+01    0.178720E+04    0.121355E+02    0.483438E+00
   0.289495E+03    0.260230E+04   -0.264968E+04   -0.473800E+02    0.200795E+01    0.105127E+01    0.179041E+04    0.121428E+02    0.482571E+00
   0.289995E+03    0.258527E+04   -0.264046E+04   -0.551925E+02    0.199481E+01    0.103184E+01    0.178903E+04    0.121396E+02    0.482944E+00
   0.290495E+03    0.257253E+04   -0.263758E+04   -0.650523E+02    0.198498E+01    0.102199E+01    0.178284E+04    0.121256E+02    0.484621E+00
   0.290995E+03    0.263201E+04   -0.269132E+04   -0.593158E+02    0.203087E+01    0.947053E+00    0.178039E+04    0.121201E+02    0.485287E+00
   0.291495E+03    0.258620E+04   -0.265408E+04   -0.678782E+02    0.199553E+01    0.997217E+00    0.178151E+04    0.121226E+02    0.484982E+00
   0.291995E+03    0.253088E+04   -0.257715E+04   -0.462675E+02    0.195284E+01    0.121501E+01    0.179371E+04    0.121502E+02    0.481684E+00
   0.292495E+03    0.255822E+04   -0.258681E+04   -0.285929E+02    0.197393E+01    0.104976E+01    0.179445E+04    0.121519E+02    0.481484E+00
   0.292995E+03    0.260804E+04   -0.262555E+04   -0.175071E+02    0.201238E+01    0.947816E+00    0.179997E+04    0.121643E+02    0.480008E+00
   0.293495E+03    0.259207E+04   -0.261485E+04   -0.227812E+02    0.200005E+01    0.994523E+00    0.179565E+04    0.121546E+02    0.481163E+00
   0.293995E+03    0.259777E+04   -0.261379E+04   -0.160192E+02    0.200445E+01    0.880033E+00    0.179606E+04    0.121555E+02    0.481054E+00
   0.294495E+03    0.260365E+04   -0.261509E+04   -0.114417E+02    0.200899E+01    0.100338E+01    0.179030E+04    0.121425E+02    0.482602E+00
   0.294995E+03    0.258759E+04   -0.259551E+04   -0.792338E+01    0.199660E+01    0.104013E+01    0.179839E+04    0.121608E+02    0.480429E+00
   0.295495E+03    0.255821E+04   -0.256981E+04   -0.116061E+02    0.197393E+01    0.112313E+01    0.180079E+04    0.121662E+02    0.479790E+00
   0.295995E+03    0.261608E+04   -0.264263E+04   -0.265531E+02    0.201858E+01    0.911181E+00    0.178854E+04    0.121385E+02    0.483077E+00
   0.296495E+03    0.258355E+04   -0.261052E+04   -0.269726E+02    0.199348E+01    0.104874E+01    0.179792E+04    0.121597E+02    0.480556E+00
   0.296995E+03    0.258937E+04   -0.261433E+04   -0.249570E+02    0.199797E+01    0.961715E+00    0.179948E+04    0.121632E+02    0.480139E+00
   0.297495E+03    0.260447E+04   -0.262024E+04   -0.157684E+02    0.200962E+01    0.957234E+00    0.179996E+04    0.121643E+02    0.480010E+00
   0.297995E+03    0.260559E+04   -0.262007E+04   -0.144762E+02    0.201049E+01    0.985300E+00    0.181296E+04    0.121935E+02    0.476568E+00
   0.298495E+03    0.258334E+04   -0.258253E+04    0.806264E+00    0.199332E+01    0.984963E+00    0.181172E+04    0.121908E+02    0.476895E+00
   0.298995E+03    0.260186E+04   -0.260570E+04   -0.384270E+01    0.200761E+01    0.101955E+01    0.181167E+04    0.121906E+02    0.476908E+00
   0.299495E+03    0.260714E+04   -0.262458E+04   -0.174335E+02    0.201168E+01    0.102797E+01    0.181150E+04    0.121902E+02    0.476954E+00
   0.299995E+03    0.257367E+04   -0.257739E+04   -0.371385E+01    0.198586E+01    0.989971E+00    0.181834E+04    0.122056E+02    0.475158E+00
